1.10,0.00,0.00,0.00
525.92,0.00,0.00,0.00
700.99,0.00,0.00,0.00
788.53,0.00,0.00,0.00
841.05,0.00,0.00,0.00
875.86,0.00,0.00,0.00
900.88,0.00,0.00,0.00
919.67,0.00,0.00,0.00
934.17,0.00,0.00,0.00
945.78,0.00,0.00,0.00
1050.68,0.00,0.00,0.00
1050.61,0.00,0.00,0.00
1050.51,0.00,0.00,0.00
1050.46,0.00,0.00,0.00
1050.33,0.00,0.00,0.00
1050.37,0.00,0.00,0.00
1050.28,0.00,0.00,0.00
1050.08,0.00,0.00,0.00
1050.08,0.00,0.00,0.00
1050.06,0.00,0.00,0.00
1050.06,0.00,0.00,0.00
1050.01,0.00,0.00,0.00
1050.03,0.00,0.00,0.00
1049.99,0.00,0.00,0.00
1050.03,0.00,0.00,0.00
1049.99,0.00,0.00,0.00
1049.97,0.00,0.00,0.00
1050.04,0.00,0.00,0.00
1050.01,0.00,0.00,0.00
1050.00,0.00,0.00,0.00
1049.99,0.00,0.00,0.00
1050.01,0.00,0.00,0.00
1049.96,0.00,0.00,0.00
1050.01,0.00,0.00,0.00
1049.96,0.00,0.00,0.00
1049.96,0.00,0.00,0.00
1049.99,0.00,0.00,0.00
1050.06,0.00,0.00,0.00
1050.10,0.00,0.00,0.00
1050.11,0.00,0.00,0.00
1050.19,0.00,0.00,0.00
1050.22,0.00,0.00,0.00
1050.30,0.00,0.00,0.00
1050.22,0.00,0.00,0.00
1050.22,0.00,0.00,0.00
1050.21,0.00,0.00,0.00
1050.07,0.00,0.00,0.00
1049.99,0.00,0.00,0.00
1049.95,0.00,0.00,0.00
1049.83,0.00,0.00,0.00
1049.74,0.00,0.00,0.00
1049.68,0.00,0.00,0.00
1049.63,0.00,0.00,0.00
1049.60,0.00,0.00,0.00
1049.60,0.00,0.00,0.00
1049.59,0.00,0.00,0.00
1049.68,0.00,0.00,0.00
1049.75,0.00,0.00,0.00
1049.72,0.00,0.00,0.00
1049.81,0.00,0.00,0.00
1049.90,0.00,0.00,0.00
1050.00,0.00,0.00,0.00
1049.96,0.00,0.00,0.00
1050.00,0.00,0.00,0.00
1049.93,0.00,0.00,0.00
1049.97,0.00,0.00,0.00
1049.99,0.00,0.00,0.00
1049.82,0.00,0.00,0.00
1049.82,0.00,0.00,0.00
1049.74,0.00,0.00,0.00
1049.67,0.00,0.00,0.00
1049.43,0.00,0.00,0.00
1049.38,0.00,0.00,0.00
1049.26,0.00,0.00,0.00
1049.32,0.00,0.00,0.00
1049.21,0.00,0.00,0.00
1049.10,0.00,0.00,0.00
1049.02,0.00,0.00,0.00
1048.99,0.00,0.00,0.00
1049.08,0.00,0.00,0.00
1048.95,0.00,0.00,0.00
1049.10,0.00,0.00,0.00
1049.17,0.00,0.00,0.00
1049.26,0.00,0.00,0.00
1049.34,0.00,0.00,0.00
1049.50,0.00,0.00,0.00
1049.67,0.00,0.00,0.00
1049.93,0.00,0.00,0.00
1049.97,0.00,0.00,0.00
1049.96,0.00,0.00,0.00
1050.14,0.00,0.00,0.00
1050.22,0.00,0.00,0.00
1050.22,0.00,0.00,0.00
1050.24,0.00,0.00,0.00
1050.15,0.00,0.00,0.00
1050.07,0.00,0.00,0.00
1050.00,0.00,0.00,0.00
1049.92,0.00,0.00,0.00
1049.82,0.00,0.00,0.00
1049.75,0.00,0.00,0.00
1049.59,0.00,0.00,0.00
1049.41,0.00,0.00,0.00
1049.41,0.00,0.00,0.00
1049.39,0.00,0.00,0.00
1012.19,0.00,0.00,0.00
1012.23,0.00,0.00,0.00
1012.17,0.00,0.00,0.00
1012.17,0.00,0.00,0.00
1012.27,0.00,0.00,0.00
1012.26,0.00,0.00,0.00
1012.24,0.00,0.00,0.00
1012.26,0.00,0.00,0.00
1012.16,0.00,0.00,0.00
1012.16,0.00,0.00,0.00
1049.35,0.00,0.00,0.00
1221.45,0.00,0.00,0.00
1392.45,0.00,0.00,0.00
1392.56,0.00,0.00,0.00
1392.54,0.00,0.00,0.00
1563.35,0.00,0.00,0.00
1734.80,0.00,0.00,0.00
1904.88,0.00,0.00,0.00
2076.76,0.00,0.00,0.00
2245.14,0.00,0.00,0.00
2245.01,0.00,0.00,0.00
2237.46,0.00,0.00,0.00
2066.40,0.00,0.00,0.00
2066.12,0.00,0.00,0.00
2066.07,0.00,0.00,0.00
1895.03,0.00,0.00,0.00
1723.63,0.00,0.00,0.00
1553.37,0.00,0.00,0.00
1381.34,0.00,0.00,0.00
1212.83,0.00,0.00,0.00
1212.87,0.00,0.00,0.00
1048.19,0.00,0.00,0.00
1048.25,0.00,0.00,0.00
1048.34,0.00,0.00,0.00
1048.50,0.00,0.00,0.00
1048.84,0.00,0.00,0.00
1048.91,0.00,0.00,0.00
1049.17,0.00,0.00,0.00
1049.37,0.00,0.00,0.00
1049.52,0.00,0.00,0.00
1049.55,0.00,0.00,0.00
1049.57,0.00,0.00,0.00
1049.57,0.00,0.00,0.00
1049.66,0.00,0.00,0.00
1049.59,0.00,0.00,0.00
1049.57,0.00,0.00,0.00
1049.55,0.00,0.00,0.00
1049.55,0.00,0.00,0.00
1049.60,0.00,0.00,0.00
1049.52,0.00,0.00,0.00
1049.52,0.00,0.00,0.00
1049.32,0.00,0.00,0.00
1049.24,0.00,0.00,0.00
1048.99,0.00,0.00,0.00
1048.74,0.00,0.00,0.00
1048.59,0.00,0.00,0.00
1048.37,0.00,0.00,0.00
1048.23,0.00,0.00,0.00
1048.18,0.00,0.00,0.00
1048.21,0.00,0.00,0.00
1048.23,0.00,0.00,0.00
1048.34,0.00,0.00,0.00
1048.36,0.00,0.00,0.00
1048.47,0.00,0.00,0.00
1048.74,0.00,0.00,0.00
1048.84,0.00,0.00,0.00
1048.76,0.00,0.00,0.00
1048.76,0.00,0.00,0.00
1048.41,0.00,0.00,0.00
1048.22,0.00,0.00,0.00
1047.78,0.00,0.00,0.00
1047.68,0.00,0.00,0.00
1047.09,0.00,0.00,0.00
1046.63,0.00,0.00,0.00
1046.27,0.00,0.00,0.00
1045.93,0.00,0.00,0.00
1045.65,0.00,0.00,0.00
1045.03,0.00,0.00,0.00
1044.67,0.00,0.00,0.00
1044.16,0.00,0.00,0.00
1043.89,0.00,0.00,0.00
1043.36,0.00,0.00,0.00
1043.34,0.00,0.00,0.00
1043.16,0.00,0.00,0.00
1042.71,0.00,0.00,0.00
1042.36,0.00,0.00,0.00
1042.18,0.00,0.00,0.00
1042.36,0.00,0.00,0.00
1042.36,0.00,0.00,0.00
1042.36,0.00,0.00,0.00
1042.36,0.00,0.00,0.00
1042.36,0.00,0.00,0.00
1042.36,0.00,0.00,0.00
1042.36,0.00,0.00,0.00
1042.62,0.00,0.00,0.00
1043.14,0.00,0.00,0.00
1043.16,0.00,0.00,0.00
1043.67,0.00,0.00,0.00
1044.36,0.00,0.00,0.00
1044.83,0.00,0.00,0.00
1045.34,0.00,0.00,0.00
1046.16,0.00,0.00,0.00
1046.37,0.00,0.00,0.00
1046.58,0.00,0.00,0.00
1046.52,0.00,0.00,0.00
1046.21,0.00,0.00,0.00
1046.40,0.00,0.00,0.00
1045.92,0.00,0.00,0.00
1045.43,0.00,0.00,0.00
1045.17,0.00,0.00,0.00
1044.87,0.00,0.00,0.00
1044.25,0.00,0.00,0.00
1044.25,0.00,0.00,0.00
1044.25,0.00,0.00,0.00
1044.25,0.00,0.00,0.00
1044.25,0.00,0.00,0.00
1044.25,0.00,0.00,0.00
1044.25,0.00,0.00,0.00
1044.25,0.00,0.00,0.00
1044.25,0.00,0.00,0.00
1044.25,0.00,0.00,0.00
1044.25,0.00,0.00,0.00
1044.25,0.00,0.00,0.00
1044.25,0.00,0.00,0.00
1044.25,0.00,0.00,0.00
1044.25,0.00,0.00,0.00
1044.25,0.00,0.00,0.00
1044.25,0.00,0.00,0.00
1044.25,0.00,0.00,0.00
1044.25,0.00,0.00,0.00
1044.25,0.00,0.00,0.00
1044.25,0.00,0.00,0.00
1044.25,0.00,0.00,0.00
1044.25,0.00,0.00,0.00
1044.25,0.00,0.00,0.00
1044.25,0.00,0.00,0.00
1044.25,0.00,0.00,0.00
1044.25,0.00,0.00,0.00
1044.25,0.00,0.00,0.00
1044.25,0.00,0.00,0.00
1044.25,0.00,0.00,0.00
1044.25,0.00,0.00,0.00
1044.25,0.00,0.00,0.00
1044.25,0.00,0.00,0.00
1044.25,0.00,0.00,0.00
1044.25,0.00,0.00,0.00
1044.25,0.00,0.00,0.00
1044.25,0.00,0.00,0.00
1044.25,0.00,0.00,0.00
1044.25,0.00,0.00,0.00
1044.25,0.00,0.00,0.00
1044.25,0.00,0.00,0.00
1044.25,0.00,0.00,0.00
1044.25,0.00,0.00,0.00
1044.25,0.00,0.00,0.00
1044.25,0.00,0.00,0.00
1044.25,0.00,0.00,0.00
1044.25,0.00,0.00,0.00
1044.25,0.00,0.00,0.00
1044.25,0.00,0.00,0.00
1044.25,0.00,0.00,0.00
1044.25,0.00,0.00,0.00
1044.25,0.00,0.00,0.00
1044.25,0.00,0.00,0.00
1044.25,0.00,0.00,0.00
1044.25,0.00,0.00,0.00
1044.25,0.00,0.00,0.00
1044.25,0.00,0.00,0.00
1044.25,0.00,0.00,0.00
1044.25,0.00,0.00,0.00
1044.25,0.00,0.00,0.00
1044.25,0.00,0.00,0.00
1044.25,0.00,0.00,0.00
1044.25,0.00,0.00,0.00
1044.25,0.00,0.00,0.00
1044.25,0.00,0.00,0.00
1044.25,0.00,0.00,0.00
1044.25,0.00,0.00,0.00
1044.25,0.00,0.00,0.00
1044.25,0.00,0.00,0.00
1044.25,0.00,0.00,0.00
1044.25,0.00,0.00,0.00
1044.25,0.00,0.00,0.00
1044.25,0.00,0.00,0.00
1044.25,0.00,0.00,0.00
1044.25,0.00,0.00,0.00
1044.25,0.00,0.00,0.00
1044.25,0.00,0.00,0.00
1044.25,0.00,0.00,0.00
1044.25,0.00,0.00,0.00
1044.25,0.00,0.00,0.00
1044.25,0.00,0.00,0.00
1044.25,0.00,0.00,0.00
1044.25,0.00,0.00,0.00
1044.25,0.00,0.00,0.00
1044.25,0.00,0.00,0.00
1044.25,0.00,0.00,0.00
1044.25,0.00,0.00,0.00
1044.25,0.00,0.00,0.00
1044.25,0.00,0.00,0.00
1044.25,0.00,0.00,0.00
1044.25,0.00,0.00,0.00
1044.25,0.00,0.00,0.00
1044.25,0.00,0.00,0.00
1044.25,0.00,0.00,0.00
1044.25,0.00,0.00,0.00
1044.25,0.00,0.00,0.00
1044.25,0.00,0.00,0.00
1044.25,0.00,0.00,0.00
1044.25,0.00,0.00,0.00
1044.25,0.00,0.00,0.00
1044.25,0.00,0.00,0.00
1044.25,0.00,0.00,0.00
1044.25,0.00,0.00,0.00
1044.25,0.00,0.00,0.00
1044.25,0.00,0.00,0.00
1044.25,0.00,0.00,0.00
1044.25,0.00,0.00,0.00
1044.25,0.00,0.00,0.00
1044.25,0.00,0.00,0.00
1044.25,0.00,0.00,0.00
1044.58,0.00,0.00,0.00
1044.88,0.00,0.00,0.00
1045.28,0.00,0.00,0.00
1045.76,0.00,0.00,0.00
1046.22,0.00,0.00,0.00
1046.69,0.00,0.00,0.00
1047.25,0.00,0.00,0.00
1047.82,0.00,0.00,0.00
1048.39,0.00,0.00,0.00
1048.94,0.00,0.00,0.00
1049.17,0.00,0.00,0.00
1049.42,0.00,0.00,0.00
1049.50,0.00,0.00,0.00
1049.49,0.00,0.00,0.00
1049.63,0.00,0.00,0.00
1049.74,0.00,0.00,0.00
1049.66,0.00,0.00,0.00
1049.56,0.00,0.00,0.00
1049.46,0.00,0.00,0.00
1049.46,0.00,0.00,0.00
1049.46,0.00,0.00,0.00
1049.48,0.00,0.00,0.00
1049.56,0.00,0.00,0.00
1049.66,0.00,0.00,0.00
1049.61,0.00,0.00,0.00
1049.60,0.00,0.00,0.00
1049.68,0.00,0.00,0.00
1049.68,0.00,0.00,0.00
1049.70,0.00,0.00,0.00
1049.63,0.00,0.00,0.00
1049.61,0.00,0.00,0.00
1049.68,0.00,0.00,0.00
1049.68,0.00,0.00,0.00
1049.68,0.00,0.00,0.00
1049.70,0.00,0.00,0.00
1049.78,0.00,0.00,0.00
1049.86,0.00,0.00,0.00
1050.04,0.00,0.00,0.00
1050.21,0.00,0.00,0.00
1050.39,0.00,0.00,0.00
1050.48,0.00,0.00,0.00
1050.41,0.00,0.00,0.00
1050.41,0.00,0.00,0.00
1050.41,0.00,0.00,0.00
1050.40,0.00,0.00,0.00
1050.32,0.00,0.00,0.00
1050.24,0.00,0.00,0.00
1050.15,0.00,0.00,0.00
1050.07,0.00,0.00,0.00
1049.99,0.00,0.00,0.00
1049.90,0.00,0.00,0.00
1049.90,0.00,0.00,0.00
1049.90,0.00,0.00,0.00
1049.90,0.00,0.00,0.00
1049.92,0.00,0.00,0.00
1049.92,0.00,0.00,0.00
1049.92,0.00,0.00,0.00
1049.92,0.00,0.00,0.00
1049.93,0.00,0.00,0.00
1049.93,0.00,0.00,0.00
1050.01,0.00,0.00,0.00
1050.01,0.00,0.00,0.00
1050.01,0.00,0.00,0.00
1049.93,0.00,0.00,0.00
1049.85,0.00,0.00,0.00
1049.86,0.00,0.00,0.00
1049.86,0.00,0.00,0.00
1049.86,0.00,0.00,0.00
1049.85,0.00,0.00,0.00
1049.83,0.00,0.00,0.00
1049.75,0.00,0.00,0.00
1049.75,0.00,0.00,0.00
1049.78,0.00,0.00,0.00
1049.86,0.00,0.00,0.00
1049.85,0.00,0.00,0.00
1049.75,0.00,0.00,0.00
1049.67,0.00,0.00,0.00
1049.66,0.00,0.00,0.00
1049.66,0.00,0.00,0.00
1049.66,0.00,0.00,0.00
1049.67,0.00,0.00,0.00
1049.67,0.00,0.00,0.00
1049.64,0.00,0.00,0.00
1049.64,0.00,0.00,0.00
1049.74,0.00,0.00,0.00
1049.82,0.00,0.00,0.00
1050.00,0.00,0.00,0.00
1050.01,0.00,0.00,0.00
1049.93,0.00,0.00,0.00
1049.85,0.00,0.00,0.00
1049.83,0.00,0.00,0.00
1049.88,0.00,0.00,0.00
1049.79,0.00,0.00,0.00
1049.71,0.00,0.00,0.00
1049.63,0.00,0.00,0.00
1049.55,0.00,0.00,0.00
1049.37,0.00,0.00,0.00
1049.28,0.00,0.00,0.00
1049.37,0.00,0.00,0.00
1049.43,0.00,0.00,0.00
1049.52,0.00,0.00,0.00
1049.60,0.00,0.00,0.00
1049.70,0.00,0.00,0.00
1049.82,0.00,0.00,0.00
1049.92,0.00,0.00,0.00
1050.00,0.00,0.00,0.00
1050.08,0.00,0.00,0.00
1050.08,0.00,0.00,0.00
1050.00,0.00,0.00,0.00
1049.93,0.00,0.00,0.00
1049.77,0.00,0.00,0.00
1049.64,0.00,0.00,0.00
1049.63,0.00,0.00,0.00
1049.59,0.00,0.00,0.00
1049.57,0.00,0.00,0.00
1049.57,0.00,0.00,0.00
1049.57,0.00,0.00,0.00
1049.66,0.00,0.00,0.00
1049.74,0.00,0.00,0.00
1049.82,0.00,0.00,0.00
1049.89,0.00,0.00,0.00
1049.99,0.00,0.00,0.00
1049.99,0.00,0.00,0.00
1049.99,0.00,0.00,0.00
1049.99,0.00,0.00,0.00
1049.99,0.00,0.00,0.00
1049.99,0.00,0.00,0.00
1049.99,0.00,0.00,0.00
1049.92,0.00,0.00,0.00
1049.92,0.00,0.00,0.00
1049.85,0.00,0.00,0.00
1049.66,0.00,0.00,0.00
1049.57,0.00,0.00,0.00
1049.49,0.00,0.00,0.00
1049.50,0.00,0.00,0.00
1049.50,0.00,0.00,0.00
1049.50,0.00,0.00,0.00
1049.42,0.00,0.00,0.00
1049.49,0.00,0.00,0.00
1049.49,0.00,0.00,0.00
1049.57,0.00,0.00,0.00
1049.67,0.00,0.00,0.00
1049.75,0.00,0.00,0.00
1049.83,0.00,0.00,0.00
1049.82,0.00,0.00,0.00
1049.83,0.00,0.00,0.00
1049.83,0.00,0.00,0.00
1049.93,0.00,0.00,0.00
1049.92,0.00,0.00,0.00
1049.90,0.00,0.00,0.00
1049.90,0.00,0.00,0.00
1049.89,0.00,0.00,0.00
1049.89,0.00,0.00,0.00
1049.89,0.00,0.00,0.00
1049.96,0.00,0.00,0.00
1050.04,0.00,0.00,0.00
1050.04,0.00,0.00,0.00
1050.03,0.00,0.00,0.00
1050.04,0.00,0.00,0.00
1050.06,0.00,0.00,0.00
1050.06,0.00,0.00,0.00
1050.07,0.00,0.00,0.00
1050.07,0.00,0.00,0.00
1050.07,0.00,0.00,0.00
1050.00,0.00,0.00,0.00
1049.90,0.00,0.00,0.00
1049.81,0.00,0.00,0.00
1049.72,0.00,0.00,0.00
1049.71,0.00,0.00,0.00
1049.70,0.00,0.00,0.00
1049.61,0.00,0.00,0.00
1049.60,0.00,0.00,0.00
1049.60,0.00,0.00,0.00
1049.60,0.00,0.00,0.00
1049.52,0.00,0.00,0.00
1049.42,0.00,0.00,0.00
1049.43,0.00,0.00,0.00
1049.43,0.00,0.00,0.00
1049.37,0.00,0.00,0.00
1049.28,0.00,0.00,0.00
1049.28,0.00,0.00,0.00
1049.21,0.00,0.00,0.00
1049.13,0.00,0.00,0.00
1049.05,0.00,0.00,0.00
1049.05,0.00,0.00,0.00
1049.06,0.00,0.00,0.00
1049.06,0.00,0.00,0.00
1049.06,0.00,0.00,0.00
1049.14,0.00,0.00,0.00
1049.24,0.00,0.00,0.00
1049.32,0.00,0.00,0.00
1049.42,0.00,0.00,0.00
1049.50,0.00,0.00,0.00
1049.60,0.00,0.00,0.00
1049.59,0.00,0.00,0.00
1049.67,0.00,0.00,0.00
1049.77,0.00,0.00,0.00
1049.86,0.00,0.00,0.00
1049.86,0.00,0.00,0.00
1049.86,0.00,0.00,0.00
1049.77,0.00,0.00,0.00
1049.67,0.00,0.00,0.00
1049.59,0.00,0.00,0.00
1049.49,0.00,0.00,0.00
1049.59,0.00,0.00,0.00
1049.61,0.00,0.00,0.00
1049.60,0.00,0.00,0.00
1049.50,0.00,0.00,0.00
1049.50,0.00,0.00,0.00
1049.52,0.00,0.00,0.00
1049.52,0.00,0.00,0.00
1049.60,0.00,0.00,0.00
1049.68,0.00,0.00,0.00
1049.68,0.00,0.00,0.00
1049.60,0.00,0.00,0.00
1049.49,0.00,0.00,0.00
1049.49,0.00,0.00,0.00
1049.57,0.00,0.00,0.00
1049.49,0.00,0.00,0.00
1049.46,0.00,0.00,0.00
1049.48,0.00,0.00,0.00
1049.39,0.00,0.00,0.00
1049.39,0.00,0.00,0.00
1049.48,0.00,0.00,0.00
1049.46,0.00,0.00,0.00
1049.55,0.00,0.00,0.00
1049.63,0.00,0.00,0.00
1049.61,0.00,0.00,0.00
1049.70,0.00,0.00,0.00
1049.72,0.00,0.00,0.00
1049.79,0.00,0.00,0.00
1049.88,0.00,0.00,0.00
1049.89,0.00,0.00,0.00
1049.89,0.00,0.00,0.00
1049.99,0.00,0.00,0.00
1050.00,0.00,0.00,0.00
1049.92,0.00,0.00,0.00
1049.93,0.00,0.00,0.00
1049.93,0.00,0.00,0.00
1049.92,0.00,0.00,0.00
1049.85,0.00,0.00,0.00
1049.77,0.00,0.00,0.00
1049.75,0.00,0.00,0.00
1049.74,0.00,0.00,0.00
1049.66,0.00,0.00,0.00
1049.64,0.00,0.00,0.00
1049.63,0.00,0.00,0.00
1049.63,0.00,0.00,0.00
1049.61,0.00,0.00,0.00
1049.53,0.00,0.00,0.00
1049.61,0.00,0.00,0.00
1049.68,0.00,0.00,0.00
1049.68,0.00,0.00,0.00
1049.61,0.00,0.00,0.00
1049.70,0.00,0.00,0.00
1049.70,0.00,0.00,0.00
1049.71,0.00,0.00,0.00
1049.70,0.00,0.00,0.00
1049.71,0.00,0.00,0.00
1049.78,0.00,0.00,0.00
1049.78,0.00,0.00,0.00
1049.81,0.00,0.00,0.00
1049.81,0.00,0.00,0.00
1049.93,0.00,0.00,0.00
1049.99,0.00,0.00,0.00
1049.97,0.00,0.00,0.00
1050.01,0.00,0.00,0.00
1050.03,0.00,0.00,0.00
1050.10,0.00,0.00,0.00
1050.11,0.00,0.00,0.00
1050.14,0.00,0.00,0.00
1050.21,0.00,0.00,0.00
1050.21,0.00,0.00,0.00
1050.17,0.00,0.00,0.00
1050.10,0.00,0.00,0.00
1050.11,0.00,0.00,0.00
1050.06,0.00,0.00,0.00
1050.06,0.00,0.00,0.00
1049.99,0.00,0.00,0.00
1049.99,0.00,0.00,0.00
1049.96,0.00,0.00,0.00
1049.86,0.00,0.00,0.00
1049.95,0.00,0.00,0.00
1049.95,0.00,0.00,0.00
1049.95,0.00,0.00,0.00
1049.95,0.00,0.00,0.00
1050.07,0.00,0.00,0.00
1050.06,0.00,0.00,0.00
1050.08,0.00,0.00,0.00
1050.10,0.00,0.00,0.00
1050.08,0.00,0.00,0.00
1050.10,0.00,0.00,0.00
1050.00,0.00,0.00,0.00
1049.99,0.00,0.00,0.00
1050.00,0.00,0.00,0.00
1050.00,0.00,0.00,0.00
1049.89,0.00,0.00,0.00
1049.90,0.00,0.00,0.00
1049.86,0.00,0.00,0.00
1049.84,0.00,0.00,0.00
1049.85,0.00,0.00,0.00
1049.84,0.00,0.00,0.00
1049.84,0.00,0.00,0.00
1049.84,0.00,0.00,0.00
1049.82,0.00,0.00,0.00
1049.82,0.00,0.00,0.00
1049.72,0.00,0.00,0.00
1049.71,0.00,0.00,0.00
1049.71,0.00,0.00,0.00
1049.63,0.00,0.00,0.00
1049.61,0.00,0.00,0.00
1049.60,0.00,0.00,0.00
1049.60,0.00,0.00,0.00
1049.61,0.00,0.00,0.00
1049.61,0.00,0.00,0.00
1049.60,0.00,0.00,0.00
1049.78,0.00,0.00,0.00
1049.86,0.00,0.00,0.00
1049.86,0.00,0.00,0.00
1049.96,0.00,0.00,0.00
1050.04,0.00,0.00,0.00
1050.06,0.00,0.00,0.00
1050.14,0.00,0.00,0.00
1050.15,0.00,0.00,0.00
1050.24,0.00,0.00,0.00
1050.24,0.00,0.00,0.00
1050.22,0.00,0.00,0.00
1050.24,0.00,0.00,0.00
1050.32,0.00,0.00,0.00
1050.39,0.00,0.00,0.00
1050.30,0.00,0.00,0.00
1050.30,0.00,0.00,0.00
1050.24,0.00,0.00,0.00
1050.29,0.00,0.00,0.00
1050.21,0.00,0.00,0.00
1050.22,0.00,0.00,0.00
1050.14,0.00,0.00,0.00
1050.04,0.00,0.00,0.00
1049.99,0.00,0.00,0.00
1050.03,0.00,0.00,0.00
1050.04,0.00,0.00,0.00
1050.07,0.00,0.00,0.00
1050.08,0.00,0.00,0.00
1050.00,0.00,0.00,0.00
1049.92,0.00,0.00,0.00
1049.90,0.00,0.00,0.00
1049.81,0.00,0.00,0.00
1049.79,0.00,0.00,0.00
1049.67,0.00,0.00,0.00
1049.55,0.00,0.00,0.00
1049.43,0.00,0.00,0.00
1049.32,0.00,0.00,0.00
1049.30,0.00,0.00,0.00
1049.21,0.00,0.00,0.00
1049.20,0.00,0.00,0.00
1049.09,0.00,0.00,0.00
1049.10,0.00,0.00,0.00
1049.03,0.00,0.00,0.00
1049.16,0.00,0.00,0.00
1049.08,0.00,0.00,0.00
1049.08,0.00,0.00,0.00
1049.08,0.00,0.00,0.00
1049.08,0.00,0.00,0.00
1049.16,0.00,0.00,0.00
1049.17,0.00,0.00,0.00
1049.20,0.00,0.00,0.00
1049.10,0.00,0.00,0.00
1049.09,0.00,0.00,0.00
1049.09,0.00,0.00,0.00
1049.12,0.00,0.00,0.00
1049.16,0.00,0.00,0.00
1049.19,0.00,0.00,0.00
1049.09,0.00,0.00,0.00
1048.99,0.00,0.00,0.00
1048.98,0.00,0.00,0.00
1048.98,0.00,0.00,0.00
1049.06,0.00,0.00,0.00
1049.08,0.00,0.00,0.00
1048.95,0.00,0.00,0.00
1048.91,0.00,0.00,0.00
1048.87,0.00,0.00,0.00
1048.74,0.00,0.00,0.00
1048.58,0.00,0.00,0.00
1048.33,0.00,0.00,0.00
1048.17,0.00,0.00,0.00
1048.08,0.00,0.00,0.00
1047.74,0.00,0.00,0.00
1047.39,0.00,0.00,0.00
1047.36,0.00,0.00,0.00
1047.34,0.00,0.00,0.00
1046.99,0.00,0.00,0.00
1046.99,0.00,0.00,0.00
1046.99,0.00,0.00,0.00
1047.16,0.00,0.00,0.00
1047.16,0.00,0.00,0.00
1047.06,0.00,0.00,0.00
1047.24,0.00,0.00,0.00
1047.49,0.00,0.00,0.00
1047.27,0.00,0.00,0.00
1047.03,0.00,0.00,0.00
1047.13,0.00,0.00,0.00
1047.03,0.00,0.00,0.00
1046.87,0.00,0.00,0.00
1046.52,0.00,0.00,0.00
1046.36,0.00,0.00,0.00
1046.01,0.00,0.00,0.00
1045.76,0.00,0.00,0.00
1045.58,0.00,0.00,0.00
1045.75,0.00,0.00,0.00
1045.68,0.00,0.00,0.00
1045.58,0.00,0.00,0.00
1045.34,0.00,0.00,0.00
1045.16,0.00,0.00,0.00
1045.34,0.00,0.00,0.00
1045.42,0.00,0.00,0.00
1045.76,0.00,0.00,0.00
1045.93,0.00,0.00,0.00
1045.76,0.00,0.00,0.00
1045.76,0.00,0.00,0.00
1045.93,0.00,0.00,0.00
1046.11,0.00,0.00,0.00
1046.37,0.00,0.00,0.00
1046.62,0.00,0.00,0.00
1046.61,0.00,0.00,0.00
1046.59,0.00,0.00,0.00
1046.33,0.00,0.00,0.00
1046.15,0.00,0.00,0.00
1045.90,0.00,0.00,0.00
1045.31,0.00,0.00,0.00
1044.72,0.00,0.00,0.00
1044.70,0.00,0.00,0.00
1044.52,0.00,0.00,0.00
1044.70,0.00,0.00,0.00
1044.88,0.00,0.00,0.00
1044.54,0.00,0.00,0.00
1044.36,0.00,0.00,0.00
1044.36,0.00,0.00,0.00
1044.60,0.00,0.00,0.00
1044.94,0.00,0.00,0.00
1045.35,0.00,0.00,0.00
1045.35,0.00,0.00,0.00
1045.02,0.00,0.00,0.00
1044.43,0.00,0.00,0.00
1043.83,0.00,0.00,0.00
1044.01,0.00,0.00,0.00
1044.19,0.00,0.00,0.00
1044.19,0.00,0.00,0.00
1044.19,0.00,0.00,0.00
1043.85,0.00,0.00,0.00
1043.50,0.00,0.00,0.00
1042.99,0.00,0.00,0.00
1042.98,0.00,0.00,0.00
1042.96,0.00,0.00,0.00
1042.95,0.00,0.00,0.00
1042.69,0.00,0.00,0.00
1042.42,0.00,0.00,0.00
1042.16,0.00,0.00,0.00
1041.90,0.00,0.00,0.00
1041.90,0.00,0.00,0.00
1041.90,0.00,0.00,0.00
1041.90,0.00,0.00,0.00
1041.90,0.00,0.00,0.00
1041.90,0.00,0.00,0.00
1041.90,0.00,0.00,0.00
1041.90,0.00,0.00,0.00
1041.90,0.00,0.00,0.00
1041.90,0.00,0.00,0.00
1041.90,0.00,0.00,0.00
1041.90,0.00,0.00,0.00
1041.90,0.00,0.00,0.00
1041.90,0.00,0.00,0.00
1041.90,0.00,0.00,0.00
1041.90,0.00,0.00,0.00
1041.90,0.00,0.00,0.00
1041.90,0.00,0.00,0.00
1041.90,0.00,0.00,0.00
1041.90,0.00,0.00,0.00
1041.90,0.00,0.00,0.00
1041.90,0.00,0.00,0.00
1041.90,0.00,0.00,0.00
1041.90,0.00,0.00,0.00
1041.90,0.00,0.00,0.00
1041.90,0.00,0.00,0.00
1041.90,0.00,0.00,0.00
1041.90,0.00,0.00,0.00
1041.90,0.00,0.00,0.00
1041.90,0.00,0.00,0.00
1041.90,0.00,0.00,0.00
1041.90,0.00,0.00,0.00
1041.90,0.00,0.00,0.00
1041.90,0.00,0.00,0.00
1041.90,0.00,0.00,0.00
1041.90,0.00,0.00,0.00
1041.90,0.00,0.00,0.00
1041.90,0.00,0.00,0.00
1041.90,0.00,0.00,0.00
1041.90,0.00,0.00,0.00
1041.90,0.00,0.00,0.00
1041.90,0.00,0.00,0.00
1041.90,0.00,0.00,0.00
1041.90,0.00,0.00,0.00
1041.90,0.00,0.00,0.00
1041.90,0.00,0.00,0.00
1041.90,0.00,0.00,0.00
1041.90,0.00,0.00,0.00
1041.90,0.00,0.00,0.00
1041.90,0.00,0.00,0.00
1041.90,0.00,0.00,0.00
1041.90,0.00,0.00,0.00
1041.90,0.00,0.00,0.00
1041.90,0.00,0.00,0.00
1041.90,0.00,0.00,0.00
1041.90,0.00,0.00,0.00
1041.90,0.00,0.00,0.00
1041.84,0.00,0.00,0.00
1041.90,0.00,0.00,0.00
1041.84,0.00,0.00,0.00
1041.79,0.00,0.00,0.00
1042.07,0.00,0.00,0.00
1042.16,0.00,0.00,0.00
1042.08,0.00,0.00,0.00
1042.00,0.00,0.00,0.00
1041.73,0.00,0.00,0.00
1041.75,0.00,0.00,0.00
1041.82,0.00,0.00,0.00
1041.78,0.00,0.00,0.00
1041.84,0.00,0.00,0.00
1041.91,0.00,0.00,0.00
1041.65,0.00,0.00,0.00
1041.57,0.00,0.00,0.00
1041.67,0.00,0.00,0.00
1041.76,0.00,0.00,0.00
1041.94,0.00,0.00,0.00
1042.53,0.00,0.00,0.00
1043.05,0.00,0.00,0.00
1043.21,0.00,0.00,0.00
1043.40,0.00,0.00,0.00
1043.51,0.00,0.00,0.00
1043.71,0.00,0.00,0.00
1043.82,0.00,0.00,0.00
1044.27,0.00,0.00,0.00
1044.14,0.00,0.00,0.00
1044.09,0.00,0.00,0.00
1043.36,0.00,0.00,0.00
1042.71,0.00,0.00,0.00
1042.41,0.00,0.00,0.00
1042.08,0.00,0.00,0.00
1041.83,0.00,0.00,0.00
1041.50,0.00,0.00,0.00
1041.25,0.00,0.00,0.00
1040.66,0.00,0.00,0.00
1040.66,0.00,0.00,0.00
1040.66,0.00,0.00,0.00
1040.66,0.00,0.00,0.00
1040.66,0.00,0.00,0.00
1040.66,0.00,0.00,0.00
1040.66,0.00,0.00,0.00
1040.66,0.00,0.00,0.00
1040.66,0.00,0.00,0.00
1040.66,0.00,0.00,0.00
1040.66,0.00,0.00,0.00
1040.66,0.00,0.00,0.00
1040.66,0.00,0.00,0.00
1040.66,0.00,0.00,0.00
1040.66,0.00,0.00,0.00
1040.66,0.00,0.00,0.00
1040.66,0.00,0.00,0.00
1040.66,0.00,0.00,0.00
1040.66,0.00,0.00,0.00
1040.66,0.00,0.00,0.00
1040.66,0.00,0.00,0.00
1040.66,0.00,0.00,0.00
1040.66,0.00,0.00,0.00
1040.66,0.00,0.00,0.00
1040.66,0.00,0.00,0.00
1040.66,0.00,0.00,0.00
1040.66,0.00,0.00,0.00
1040.66,0.00,0.00,0.00
1040.66,0.00,0.00,0.00
1040.66,0.00,0.00,0.00
1040.66,0.00,0.00,0.00
1040.66,0.00,0.00,0.00
1040.66,0.00,0.00,0.00
1040.66,0.00,0.00,0.00
1040.66,0.00,0.00,0.00
1040.66,0.00,0.00,0.00
1040.66,0.00,0.00,0.00
1040.66,0.00,0.00,0.00
1040.66,0.00,0.00,0.00
1040.66,0.00,0.00,0.00
1040.66,0.00,0.00,0.00
1040.66,0.00,0.00,0.00
1040.66,0.00,0.00,0.00
1040.66,0.00,0.00,0.00
1040.66,0.00,0.00,0.00
1041.00,0.00,0.00,0.00
1041.17,0.00,0.00,0.00
1041.51,0.00,0.00,0.00
1041.86,0.00,0.00,0.00
1042.02,0.00,0.00,0.00
1042.34,0.00,0.00,0.00
1042.84,0.00,0.00,0.00
1043.16,0.00,0.00,0.00
1043.13,0.00,0.00,0.00
1043.45,0.00,0.00,0.00
1043.42,0.00,0.00,0.00
1043.57,0.00,0.00,0.00
1043.39,0.00,0.00,0.00
1043.13,0.00,0.00,0.00
1043.05,0.00,0.00,0.00
1043.20,0.00,0.00,0.00
1043.17,0.00,0.00,0.00
1043.32,0.00,0.00,0.00
1043.82,0.00,0.00,0.00
1043.97,0.00,0.00,0.00
1044.12,0.00,0.00,0.00
1044.27,0.00,0.00,0.00
1044.58,0.00,0.00,0.00
1044.96,0.00,0.00,0.00
1045.35,0.00,0.00,0.00
1045.35,0.00,0.00,0.00
1045.35,0.00,0.00,0.00
1045.35,0.00,0.00,0.00
1045.35,0.00,0.00,0.00
1045.35,0.00,0.00,0.00
1045.35,0.00,0.00,0.00
1045.35,0.00,0.00,0.00
1045.35,0.00,0.00,0.00
1045.35,0.00,0.00,0.00
1045.35,0.00,0.00,0.00
1045.35,0.00,0.00,0.00
1045.35,0.00,0.00,0.00
1045.35,0.00,0.00,0.00
1045.35,0.00,0.00,0.00
1045.35,0.00,0.00,0.00
1045.35,0.00,0.00,0.00
1045.35,0.00,0.00,0.00
1045.35,0.00,0.00,0.00
