0,1,2,3
8.842058823529412,0.0,0.0,0.0
4.416176470588235,0.0,0.0,0.0
297.21352941176474,0.0,0.0,0.0
443.6170588235294,0.0,0.0,0.0
531.474705882353,0.0,0.0,0.0
590.030294117647,0.0,0.0,0.0
631.9888235294118,0.0,0.0,0.0
663.3582352941177,0.0,0.0,0.0
687.8364705882352,0.0,0.0,0.0
707.4229411764705,0.0,0.0,0.0
794.9117647058823,0.0,0.0,0.0
883.2741176470588,0.0,0.0,0.0
883.3711764705881,0.0,0.0,0.0
883.4585294117646,0.0,0.0,0.0
883.5652941176471,0.0,0.0,0.0
883.6623529411766,0.0,0.0,0.0
883.6623529411766,0.0,0.0,0.0
883.8758823529412,0.0,0.0,0.0
883.9050000000001,0.0,0.0,0.0
883.9341176470589,0.0,0.0,0.0
883.9341176470589,0.0,0.0,0.0
1029.8426470588236,0.0,0.0,0.0
1029.8717647058822,0.0,0.0,0.0
1029.8620588235294,0.0,0.0,0.0
1029.7358823529412,0.0,0.0,0.0
1029.6582352941175,0.0,0.0,0.0
1029.580588235294,0.0,0.0,0.0
1029.444705882353,0.0,0.0,0.0
1029.3476470588234,0.0,0.0,0.0
1029.2408823529413,0.0,0.0,0.0
1029.1632352941174,0.0,0.0,0.0
883.2644117647059,0.0,0.0,0.0
883.1576470588235,0.0,0.0,0.0
883.1673529411764,0.0,0.0,0.0
883.1770588235295,0.0,0.0,0.0
883.2741176470588,0.0,0.0,0.0
883.3517647058824,0.0,0.0,0.0
883.3517647058824,0.0,0.0,0.0
883.4391176470589,0.0,0.0,0.0
883.4391176470589,0.0,0.0,0.0
883.5167647058823,0.0,0.0,0.0
883.4391176470589,0.0,0.0,0.0
883.5167647058823,0.0,0.0,0.0
883.419705882353,0.0,0.0,0.0
883.419705882353,0.0,0.0,0.0
883.3323529411765,0.0,0.0,0.0
883.245,0.0,0.0,0.0
883.2644117647059,0.0,0.0,0.0
883.2644117647059,0.0,0.0,0.0
883.3420588235294,0.0,0.0,0.0
883.2644117647059,0.0,0.0,0.0
883.3420588235294,0.0,0.0,0.0
883.3420588235294,0.0,0.0,0.0
883.3517647058824,0.0,0.0,0.0
883.3517647058824,0.0,0.0,0.0
883.3517647058824,0.0,0.0,0.0
883.4391176470589,0.0,0.0,0.0
883.3420588235294,0.0,0.0,0.0
883.2644117647059,0.0,0.0,0.0
883.1770588235295,0.0,0.0,0.0
883.1770588235295,0.0,0.0,0.0
883.1770588235295,0.0,0.0,0.0
883.0994117647058,0.0,0.0,0.0
883.1770588235295,0.0,0.0,0.0
883.2741176470588,0.0,0.0,0.0
883.3711764705881,0.0,0.0,0.0
883.2838235294116,0.0,0.0,0.0
883.3808823529412,0.0,0.0,0.0
883.3808823529412,0.0,0.0,0.0
883.4585294117646,0.0,0.0,0.0
883.5458823529411,0.0,0.0,0.0
883.5458823529411,0.0,0.0,0.0
883.7011764705883,0.0,0.0,0.0
883.7885294117648,0.0,0.0,0.0
883.7691176470587,0.0,0.0,0.0
883.8467647058824,0.0,0.0,0.0
884.0117647058823,0.0,0.0,0.0
884.0797058823529,0.0,0.0,0.0
884.235,0.0,0.0,0.0
884.2544117647058,0.0,0.0,0.0
884.3514705882352,0.0,0.0,0.0
884.4388235294117,0.0,0.0,0.0
884.5067647058823,0.0,0.0,0.0
884.5844117647059,0.0,0.0,0.0
884.6717647058824,0.0,0.0,0.0
884.6717647058824,0.0,0.0,0.0
884.6814705882354,0.0,0.0,0.0
884.6814705882354,0.0,0.0,0.0
884.6911764705882,0.0,0.0,0.0
884.7591176470589,0.0,0.0,0.0
884.8270588235293,0.0,0.0,0.0
884.8173529411765,0.0,0.0,0.0
884.8270588235293,0.0,0.0,0.0
884.8464705882352,0.0,0.0,0.0
884.8561764705883,0.0,0.0,0.0
884.8464705882352,0.0,0.0,0.0
884.8270588235293,0.0,0.0,0.0
884.7494117647058,0.0,0.0,0.0
884.6523529411764,0.0,0.0,0.0
884.5747058823529,0.0,0.0,0.0
884.409705882353,0.0,0.0,0.0
884.409705882353,0.0,0.0,0.0
884.2544117647058,0.0,0.0,0.0
884.0797058823529,0.0,0.0,0.0
883.9826470588235,0.0,0.0,0.0
883.9050000000001,0.0,0.0,0.0
883.8273529411765,0.0,0.0,0.0
883.8273529411765,0.0,0.0,0.0
883.8370588235294,0.0,0.0,0.0
883.9341176470589,0.0,0.0,0.0
884.0214705882353,0.0,0.0,0.0
883.9535294117647,0.0,0.0,0.0
883.8758823529412,0.0,0.0,0.0
883.8758823529412,0.0,0.0,0.0
883.8758823529412,0.0,0.0,0.0
883.9729411764706,0.0,0.0,0.0
884.0505882352942,0.0,0.0,0.0
884.0699999999999,0.0,0.0,0.0
884.0505882352942,0.0,0.0,0.0
884.0505882352942,0.0,0.0,0.0
884.0408823529413,0.0,0.0,0.0
883.9438235294117,0.0,0.0,0.0
884.0408823529413,0.0,0.0,0.0
884.0408823529413,0.0,0.0,0.0
883.9535294117647,0.0,0.0,0.0
883.8661764705882,0.0,0.0,0.0
883.7885294117648,0.0,0.0,0.0
883.6914705882353,0.0,0.0,0.0
883.6138235294118,0.0,0.0,0.0
883.5264705882353,0.0,0.0,0.0
883.4585294117646,0.0,0.0,0.0
883.5458823529411,0.0,0.0,0.0
883.5458823529411,0.0,0.0,0.0
883.6332352941175,0.0,0.0,0.0
883.7982352941177,0.0,0.0,0.0
883.8079411764705,0.0,0.0,0.0
883.9050000000001,0.0,0.0,0.0
883.9826470588235,0.0,0.0,0.0
884.0797058823529,0.0,0.0,0.0
884.0699999999999,0.0,0.0,0.0
884.0699999999999,0.0,0.0,0.0
884.0797058823529,0.0,0.0,0.0
884.1573529411764,0.0,0.0,0.0
884.0699999999999,0.0,0.0,0.0
884.0797058823529,0.0,0.0,0.0
884.1573529411764,0.0,0.0,0.0
884.0699999999999,0.0,0.0,0.0
884.2835294117648,0.0,0.0,0.0
884.2641176470587,0.0,0.0,0.0
884.3514705882352,0.0,0.0,0.0
884.4291176470588,0.0,0.0,0.0
884.409705882353,0.0,0.0,0.0
884.4000000000001,0.0,0.0,0.0
884.4000000000001,0.0,0.0,0.0
884.390294117647,0.0,0.0,0.0
884.3029411764705,0.0,0.0,0.0
884.3029411764705,0.0,0.0,0.0
884.0894117647059,0.0,0.0,0.0
884.0894117647059,0.0,0.0,0.0
884.0020588235294,0.0,0.0,0.0
883.9050000000001,0.0,0.0,0.0
883.9050000000001,0.0,0.0,0.0
883.8273529411765,0.0,0.0,0.0
883.8273529411765,0.0,0.0,0.0
883.74,0.0,0.0,0.0
883.730294117647,0.0,0.0,0.0
883.730294117647,0.0,0.0,0.0
883.730294117647,0.0,0.0,0.0
883.730294117647,0.0,0.0,0.0
883.8273529411765,0.0,0.0,0.0
883.9050000000001,0.0,0.0,0.0
883.9826470588235,0.0,0.0,0.0
883.9826470588235,0.0,0.0,0.0
883.9826470588235,0.0,0.0,0.0
883.9826470588235,0.0,0.0,0.0
883.9826470588235,0.0,0.0,0.0
883.9826470588235,0.0,0.0,0.0
883.9826470588235,0.0,0.0,0.0
883.9826470588235,0.0,0.0,0.0
883.8273529411765,0.0,0.0,0.0
883.7594117647059,0.0,0.0,0.0
883.5944117647058,0.0,0.0,0.0
883.5264705882353,0.0,0.0,0.0
883.5264705882353,0.0,0.0,0.0
883.5458823529411,0.0,0.0,0.0
883.4585294117646,0.0,0.0,0.0
883.3808823529412,0.0,0.0,0.0
883.3032352941177,0.0,0.0,0.0
883.3032352941177,0.0,0.0,0.0
883.400294117647,0.0,0.0,0.0
883.3808823529412,0.0,0.0,0.0
883.4488235294118,0.0,0.0,0.0
883.5167647058823,0.0,0.0,0.0
883.5167647058823,0.0,0.0,0.0
883.5070588235293,0.0,0.0,0.0
883.5944117647058,0.0,0.0,0.0
883.7594117647059,0.0,0.0,0.0
883.9341176470589,0.0,0.0,0.0
884.0214705882353,0.0,0.0,0.0
884.1088235294118,0.0,0.0,0.0
884.1864705882354,0.0,0.0,0.0
884.2932352941176,0.0,0.0,0.0
884.4679411764706,0.0,0.0,0.0
884.6232352941175,0.0,0.0,0.0
884.710588235294,0.0,0.0,0.0
884.8658823529412,0.0,0.0,0.0
884.8852941176472,0.0,0.0,0.0
884.8658823529412,0.0,0.0,0.0
884.9532352941177,0.0,0.0,0.0
884.9338235294118,0.0,0.0,0.0
884.9726470588234,0.0,0.0,0.0
884.9726470588234,0.0,0.0,0.0
884.8852941176472,0.0,0.0,0.0
884.8173529411765,0.0,0.0,0.0
884.8173529411765,0.0,0.0,0.0
884.7882352941176,0.0,0.0,0.0
884.7785294117647,0.0,0.0,0.0
884.8852941176472,0.0,0.0,0.0
884.7979411764707,0.0,0.0,0.0
884.7979411764707,0.0,0.0,0.0
884.7591176470589,0.0,0.0,0.0
884.7591176470589,0.0,0.0,0.0
884.8561764705883,0.0,0.0,0.0
884.9338235294118,0.0,0.0,0.0
884.9532352941177,0.0,0.0,0.0
884.9920588235294,0.0,0.0,0.0
885.0988235294117,0.0,0.0,0.0
885.0794117647059,0.0,0.0,0.0
885.1667647058824,0.0,0.0,0.0
885.2541176470589,0.0,0.0,0.0
885.3511764705883,0.0,0.0,0.0
885.3511764705883,0.0,0.0,0.0
885.3511764705883,0.0,0.0,0.0
885.3511764705883,0.0,0.0,0.0
885.4288235294118,0.0,0.0,0.0
885.3220588235293,0.0,0.0,0.0
885.3123529411764,0.0,0.0,0.0
885.244411764706,0.0,0.0,0.0
885.2541176470589,0.0,0.0,0.0
885.1764705882352,0.0,0.0,0.0
885.1764705882352,0.0,0.0,0.0
885.2541176470589,0.0,0.0,0.0
885.1764705882352,0.0,0.0,0.0
885.0794117647059,0.0,0.0,0.0
885.0017647058824,0.0,0.0,0.0
885.0988235294117,0.0,0.0,0.0
885.0017647058824,0.0,0.0,0.0
885.069705882353,0.0,0.0,0.0
884.9726470588234,0.0,0.0,0.0
884.9629411764705,0.0,0.0,0.0
884.7882352941176,0.0,0.0,0.0
884.710588235294,0.0,0.0,0.0
884.710588235294,0.0,0.0,0.0
884.710588235294,0.0,0.0,0.0
884.6911764705882,0.0,0.0,0.0
884.6135294117646,0.0,0.0,0.0
884.6232352941175,0.0,0.0,0.0
884.6232352941175,0.0,0.0,0.0
884.6232352941175,0.0,0.0,0.0
884.6232352941175,0.0,0.0,0.0
884.6232352941175,0.0,0.0,0.0
884.6232352941175,0.0,0.0,0.0
884.5455882352942,0.0,0.0,0.0
884.5649999999999,0.0,0.0,0.0
884.4000000000001,0.0,0.0,0.0
884.2252941176471,0.0,0.0,0.0
884.1282352941175,0.0,0.0,0.0
883.895294117647,0.0,0.0,0.0
971.6267647058825,0.0,0.0,0.0
971.4520588235293,0.0,0.0,0.0
971.4617647058824,0.0,0.0,0.0
971.3647058823528,0.0,0.0,0.0
971.3549999999999,0.0,0.0,0.0
971.2579411764706,0.0,0.0,0.0
971.345294117647,0.0,0.0,0.0
971.4326470588235,0.0,0.0,0.0
971.4326470588235,0.0,0.0,0.0
971.5976470588236,0.0,0.0,0.0
883.7885294117648,0.0,0.0,0.0
883.9729411764706,0.0,0.0,0.0
884.1088235294118,0.0,0.0,0.0
884.1864705882354,0.0,0.0,0.0
884.1864705882354,0.0,0.0,0.0
884.2835294117648,0.0,0.0,0.0
884.3708823529412,0.0,0.0,0.0
884.4582352941177,0.0,0.0,0.0
884.5358823529413,0.0,0.0,0.0
884.4582352941177,0.0,0.0,0.0
884.5164705882353,0.0,0.0,0.0
884.5067647058823,0.0,0.0,0.0
884.4388235294117,0.0,0.0,0.0
884.4582352941177,0.0,0.0,0.0
884.5358823529413,0.0,0.0,0.0
884.5358823529413,0.0,0.0,0.0
884.6135294117646,0.0,0.0,0.0
884.6814705882354,0.0,0.0,0.0
884.7785294117647,0.0,0.0,0.0
884.9241176470588,0.0,0.0,0.0
884.9338235294118,0.0,0.0,0.0
885.0308823529413,0.0,0.0,0.0
885.1279411764706,0.0,0.0,0.0
885.2055882352942,0.0,0.0,0.0
885.2152941176471,0.0,0.0,0.0
885.2152941176471,0.0,0.0,0.0
885.2152941176471,0.0,0.0,0.0
885.1473529411765,0.0,0.0,0.0
885.1473529411765,0.0,0.0,0.0
885.1667647058824,0.0,0.0,0.0
885.2347058823528,0.0,0.0,0.0
885.2347058823528,0.0,0.0,0.0
885.2347058823528,0.0,0.0,0.0
885.2152941176471,0.0,0.0,0.0
885.2929411764707,0.0,0.0,0.0
885.3802941176472,0.0,0.0,0.0
885.3802941176472,0.0,0.0,0.0
885.5355882352941,0.0,0.0,0.0
885.5355882352941,0.0,0.0,0.0
885.5355882352941,0.0,0.0,0.0
885.555,0.0,0.0,0.0
885.4579411764705,0.0,0.0,0.0
885.4482352941176,0.0,0.0,0.0
885.4579411764705,0.0,0.0,0.0
885.4579411764705,0.0,0.0,0.0
885.4579411764705,0.0,0.0,0.0
885.3608823529412,0.0,0.0,0.0
885.2832352941176,0.0,0.0,0.0
885.2832352941176,0.0,0.0,0.0
885.1861764705882,0.0,0.0,0.0
885.1861764705882,0.0,0.0,0.0
885.2055882352942,0.0,0.0,0.0
885.1376470588235,0.0,0.0,0.0
885.06,0.0,0.0,0.0
885.06,0.0,0.0,0.0
885.06,0.0,0.0,0.0
885.1473529411765,0.0,0.0,0.0
885.1473529411765,0.0,0.0,0.0
885.1473529411765,0.0,0.0,0.0
885.3414705882353,0.0,0.0,0.0
885.3414705882353,0.0,0.0,0.0
885.4191176470588,0.0,0.0,0.0
885.4967647058824,0.0,0.0,0.0
885.5744117647059,0.0,0.0,0.0
885.5938235294117,0.0,0.0,0.0
885.5744117647059,0.0,0.0,0.0
885.5744117647059,0.0,0.0,0.0
885.6035294117648,0.0,0.0,0.0
885.6035294117648,0.0,0.0,0.0
885.4967647058824,0.0,0.0,0.0
885.4967647058824,0.0,0.0,0.0
885.4967647058824,0.0,0.0,0.0
885.4870588235294,0.0,0.0,0.0
885.564705882353,0.0,0.0,0.0
885.6326470588235,0.0,0.0,0.0
885.6423529411765,0.0,0.0,0.0
885.6423529411765,0.0,0.0,0.0
885.6229411764706,0.0,0.0,0.0
885.6229411764706,0.0,0.0,0.0
885.6326470588235,0.0,0.0,0.0
885.710294117647,0.0,0.0,0.0
885.710294117647,0.0,0.0,0.0
885.729705882353,0.0,0.0,0.0
885.6423529411765,0.0,0.0,0.0
885.555,0.0,0.0,0.0
885.555,0.0,0.0,0.0
885.5355882352941,0.0,0.0,0.0
885.5355882352941,0.0,0.0,0.0
885.5258823529413,0.0,0.0,0.0
885.4967647058824,0.0,0.0,0.0
885.4967647058824,0.0,0.0,0.0
885.4967647058824,0.0,0.0,0.0
885.4967647058824,0.0,0.0,0.0
885.4967647058824,0.0,0.0,0.0
885.5161764705883,0.0,0.0,0.0
885.4967647058824,0.0,0.0,0.0
885.5161764705883,0.0,0.0,0.0
885.5258823529413,0.0,0.0,0.0
885.5258823529413,0.0,0.0,0.0
885.555,0.0,0.0,0.0
885.3900000000001,0.0,0.0,0.0
885.2929411764707,0.0,0.0,0.0
885.2152941176471,0.0,0.0,0.0
885.1376470588235,0.0,0.0,0.0
885.0405882352942,0.0,0.0,0.0
885.06,0.0,0.0,0.0
885.06,0.0,0.0,0.0
885.0308823529413,0.0,0.0,0.0
885.0308823529413,0.0,0.0,0.0
885.0308823529413,0.0,0.0,0.0
885.0988235294117,0.0,0.0,0.0
885.1861764705882,0.0,0.0,0.0
885.2735294117647,0.0,0.0,0.0
885.3414705882353,0.0,0.0,0.0
885.3511764705883,0.0,0.0,0.0
885.3414705882353,0.0,0.0,0.0
885.3220588235293,0.0,0.0,0.0
885.244411764706,0.0,0.0,0.0
885.1667647058824,0.0,0.0,0.0
885.0794117647059,0.0,0.0,0.0
885.0017647058824,0.0,0.0,0.0
884.9241176470588,0.0,0.0,0.0
884.904705882353,0.0,0.0,0.0
884.8270588235293,0.0,0.0,0.0
884.904705882353,0.0,0.0,0.0
884.8464705882352,0.0,0.0,0.0
884.7591176470589,0.0,0.0,0.0
884.8561764705883,0.0,0.0,0.0
884.8561764705883,0.0,0.0,0.0
884.9241176470588,0.0,0.0,0.0
884.9338235294118,0.0,0.0,0.0
885.0211764705883,0.0,0.0,0.0
885.0211764705883,0.0,0.0,0.0
885.0211764705883,0.0,0.0,0.0
885.0211764705883,0.0,0.0,0.0
885.1473529411765,0.0,0.0,0.0
885.244411764706,0.0,0.0,0.0
885.244411764706,0.0,0.0,0.0
885.3220588235293,0.0,0.0,0.0
885.2541176470589,0.0,0.0,0.0
885.2541176470589,0.0,0.0,0.0
885.244411764706,0.0,0.0,0.0
885.2541176470589,0.0,0.0,0.0
885.2735294117647,0.0,0.0,0.0
885.1764705882352,0.0,0.0,0.0
885.0308823529413,0.0,0.0,0.0
884.9338235294118,0.0,0.0,0.0
884.9241176470588,0.0,0.0,0.0
884.9241176470588,0.0,0.0,0.0
884.9920588235294,0.0,0.0,0.0
885.1473529411765,0.0,0.0,0.0
885.244411764706,0.0,0.0,0.0
885.244411764706,0.0,0.0,0.0
885.4094117647059,0.0,0.0,0.0
885.564705882353,0.0,0.0,0.0
885.739411764706,0.0,0.0,0.0
885.8170588235294,0.0,0.0,0.0
885.8170588235294,0.0,0.0,0.0
885.9141176470589,0.0,0.0,0.0
886.0111764705883,0.0,0.0,0.0
886.0111764705883,0.0,0.0,0.0
885.9238235294118,0.0,0.0,0.0
885.8364705882353,0.0,0.0,0.0
885.7491176470588,0.0,0.0,0.0
885.6908823529411,0.0,0.0,0.0
885.5938235294117,0.0,0.0,0.0
885.6035294117648,0.0,0.0,0.0
885.6035294117648,0.0,0.0,0.0
885.4288235294118,0.0,0.0,0.0
885.3511764705883,0.0,0.0,0.0
885.2541176470589,0.0,0.0,0.0
885.244411764706,0.0,0.0,0.0
885.2541176470589,0.0,0.0,0.0
885.2541176470589,0.0,0.0,0.0
885.244411764706,0.0,0.0,0.0
885.3414705882353,0.0,0.0,0.0
885.3220588235293,0.0,0.0,0.0
885.3414705882353,0.0,0.0,0.0
885.4288235294118,0.0,0.0,0.0
885.4288235294118,0.0,0.0,0.0
885.3608823529412,0.0,0.0,0.0
885.3802941176472,0.0,0.0,0.0
885.4579411764705,0.0,0.0,0.0
885.4579411764705,0.0,0.0,0.0
885.4676470588234,0.0,0.0,0.0
885.3900000000001,0.0,0.0,0.0
885.4094117647059,0.0,0.0,0.0
885.4094117647059,0.0,0.0,0.0
885.4094117647059,0.0,0.0,0.0
885.4094117647059,0.0,0.0,0.0
885.4870588235294,0.0,0.0,0.0
885.4870588235294,0.0,0.0,0.0
885.4870588235294,0.0,0.0,0.0
885.4870588235294,0.0,0.0,0.0
885.4676470588234,0.0,0.0,0.0
885.3900000000001,0.0,0.0,0.0
885.3900000000001,0.0,0.0,0.0
885.3802941176472,0.0,0.0,0.0
885.3802941176472,0.0,0.0,0.0
885.3802941176472,0.0,0.0,0.0
885.3900000000001,0.0,0.0,0.0
885.3900000000001,0.0,0.0,0.0
885.2929411764707,0.0,0.0,0.0
885.2832352941176,0.0,0.0,0.0
885.2929411764707,0.0,0.0,0.0
885.3802941176472,0.0,0.0,0.0
885.3608823529412,0.0,0.0,0.0
885.4579411764705,0.0,0.0,0.0
885.4482352941176,0.0,0.0,0.0
885.5161764705883,0.0,0.0,0.0
885.4967647058824,0.0,0.0,0.0
885.4870588235294,0.0,0.0,0.0
885.6423529411765,0.0,0.0,0.0
885.6617647058823,0.0,0.0,0.0
885.6423529411765,0.0,0.0,0.0
885.6326470588235,0.0,0.0,0.0
885.6423529411765,0.0,0.0,0.0
885.555,0.0,0.0,0.0
885.555,0.0,0.0,0.0
885.564705882353,0.0,0.0,0.0
885.6423529411765,0.0,0.0,0.0
885.6908823529411,0.0,0.0,0.0
885.6423529411765,0.0,0.0,0.0
885.6617647058823,0.0,0.0,0.0
885.6908823529411,0.0,0.0,0.0
885.7005882352942,0.0,0.0,0.0
885.6908823529411,0.0,0.0,0.0
885.6908823529411,0.0,0.0,0.0
885.7005882352942,0.0,0.0,0.0
885.6035294117648,0.0,0.0,0.0
885.5258823529413,0.0,0.0,0.0
885.4967647058824,0.0,0.0,0.0
885.4676470588234,0.0,0.0,0.0
885.3608823529412,0.0,0.0,0.0
885.3414705882353,0.0,0.0,0.0
885.244411764706,0.0,0.0,0.0
885.1667647058824,0.0,0.0,0.0
885.0794117647059,0.0,0.0,0.0
885.069705882353,0.0,0.0,0.0
884.9920588235294,0.0,0.0,0.0
884.8950000000001,0.0,0.0,0.0
884.8852941176472,0.0,0.0,0.0
884.7882352941176,0.0,0.0,0.0
884.8658823529412,0.0,0.0,0.0
884.8561764705883,0.0,0.0,0.0
884.9532352941177,0.0,0.0,0.0
885.0405882352942,0.0,0.0,0.0
885.2055882352942,0.0,0.0,0.0
885.2152941176471,0.0,0.0,0.0
885.2347058823528,0.0,0.0,0.0
885.3123529411764,0.0,0.0,0.0
885.2347058823528,0.0,0.0,0.0
885.2347058823528,0.0,0.0,0.0
885.2347058823528,0.0,0.0,0.0
885.2541176470589,0.0,0.0,0.0
885.2541176470589,0.0,0.0,0.0
885.2541176470589,0.0,0.0,0.0
885.1861764705882,0.0,0.0,0.0
885.1764705882352,0.0,0.0,0.0
885.1667647058824,0.0,0.0,0.0
885.1667647058824,0.0,0.0,0.0
885.1667647058824,0.0,0.0,0.0
885.2541176470589,0.0,0.0,0.0
885.2541176470589,0.0,0.0,0.0
885.244411764706,0.0,0.0,0.0
885.2541176470589,0.0,0.0,0.0
885.244411764706,0.0,0.0,0.0
885.06,0.0,0.0,0.0
885.1085294117646,0.0,0.0,0.0
885.1861764705882,0.0,0.0,0.0
885.2055882352942,0.0,0.0,0.0
885.2929411764707,0.0,0.0,0.0
885.2832352941176,0.0,0.0,0.0
885.3123529411764,0.0,0.0,0.0
885.3123529411764,0.0,0.0,0.0
885.2832352941176,0.0,0.0,0.0
885.2832352941176,0.0,0.0,0.0
885.4676470588234,0.0,0.0,0.0
885.4191176470588,0.0,0.0,0.0
885.4288235294118,0.0,0.0,0.0
885.4191176470588,0.0,0.0,0.0
885.4191176470588,0.0,0.0,0.0
885.4191176470588,0.0,0.0,0.0
885.3900000000001,0.0,0.0,0.0
885.4094117647059,0.0,0.0,0.0
885.4094117647059,0.0,0.0,0.0
885.4094117647059,0.0,0.0,0.0
885.4094117647059,0.0,0.0,0.0
885.4191176470588,0.0,0.0,0.0
885.4094117647059,0.0,0.0,0.0
885.4094117647059,0.0,0.0,0.0
885.4094117647059,0.0,0.0,0.0
885.4094117647059,0.0,0.0,0.0
885.4094117647059,0.0,0.0,0.0
885.3900000000001,0.0,0.0,0.0
885.3900000000001,0.0,0.0,0.0
885.4094117647059,0.0,0.0,0.0
885.4094117647059,0.0,0.0,0.0
885.3900000000001,0.0,0.0,0.0
885.4676470588234,0.0,0.0,0.0
885.4870588235294,0.0,0.0,0.0
885.555,0.0,0.0,0.0
885.6423529411765,0.0,0.0,0.0
885.6617647058823,0.0,0.0,0.0
885.7491176470588,0.0,0.0,0.0
885.8461764705883,0.0,0.0,0.0
885.9141176470589,0.0,0.0,0.0
885.9917647058824,0.0,0.0,0.0
886.0111764705883,0.0,0.0,0.0
885.9917647058824,0.0,0.0,0.0
886.0791176470588,0.0,0.0,0.0
885.9917647058824,0.0,0.0,0.0
885.9141176470589,0.0,0.0,0.0
885.9044117647059,0.0,0.0,0.0
885.8073529411764,0.0,0.0,0.0
885.729705882353,0.0,0.0,0.0
885.6617647058823,0.0,0.0,0.0
885.5744117647059,0.0,0.0,0.0
885.5744117647059,0.0,0.0,0.0
885.4482352941176,0.0,0.0,0.0
885.3511764705883,0.0,0.0,0.0
885.3511764705883,0.0,0.0,0.0
885.3414705882353,0.0,0.0,0.0
885.2541176470589,0.0,0.0,0.0
885.2735294117647,0.0,0.0,0.0
885.2735294117647,0.0,0.0,0.0
885.1764705882352,0.0,0.0,0.0
885.0988235294117,0.0,0.0,0.0
885.0794117647059,0.0,0.0,0.0
885.069705882353,0.0,0.0,0.0
885.069705882353,0.0,0.0,0.0
885.0308823529413,0.0,0.0,0.0
884.9338235294118,0.0,0.0,0.0
885.0794117647059,0.0,0.0,0.0
884.9920588235294,0.0,0.0,0.0
885.0211764705883,0.0,0.0,0.0
885.0211764705883,0.0,0.0,0.0
885.0017647058824,0.0,0.0,0.0
884.8270588235293,0.0,0.0,0.0
884.7494117647058,0.0,0.0,0.0
884.5844117647059,0.0,0.0,0.0
884.4679411764706,0.0,0.0,0.0
884.4000000000001,0.0,0.0,0.0
884.235,0.0,0.0,0.0
884.1573529411764,0.0,0.0,0.0
883.8758823529412,0.0,0.0,0.0
883.7982352941177,0.0,0.0,0.0
883.720588235294,0.0,0.0,0.0
883.730294117647,0.0,0.0,0.0
883.6332352941175,0.0,0.0,0.0
883.6235294117647,0.0,0.0,0.0
883.5264705882353,0.0,0.0,0.0
883.4391176470589,0.0,0.0,0.0
883.2741176470588,0.0,0.0,0.0
883.1188235294118,0.0,0.0,0.0
883.1188235294118,0.0,0.0,0.0
883.0994117647058,0.0,0.0,0.0
882.9441176470589,0.0,0.0,0.0
882.8470588235294,0.0,0.0,0.0
882.7694117647059,0.0,0.0,0.0
882.6044117647059,0.0,0.0,0.0
882.5267647058822,0.0,0.0,0.0
882.5267647058822,0.0,0.0,0.0
882.2744117647059,0.0,0.0,0.0
882.1773529411764,0.0,0.0,0.0
881.9929411764706,0.0,0.0,0.0
881.7502941176471,0.0,0.0,0.0
881.6532352941176,0.0,0.0,0.0
881.4008823529412,0.0,0.0,0.0
881.3232352941177,0.0,0.0,0.0
881.2358823529413,0.0,0.0,0.0
881.1485294117648,0.0,0.0,0.0
880.9835294117647,0.0,0.0,0.0
881.1582352941176,0.0,0.0,0.0
881.1582352941176,0.0,0.0,0.0
881.1679411764705,0.0,0.0,0.0
881.1679411764705,0.0,0.0,0.0
881.1679411764705,0.0,0.0,0.0
881.3426470588234,0.0,0.0,0.0
881.43,0.0,0.0,0.0
881.5173529411765,0.0,0.0,0.0
881.6144117647059,0.0,0.0,0.0
881.6920588235294,0.0,0.0,0.0
881.6920588235294,0.0,0.0,0.0
881.8667647058824,0.0,0.0,0.0
881.9444117647059,0.0,0.0,0.0
882.0414705882353,0.0,0.0,0.0
882.1191176470589,0.0,0.0,0.0
882.2064705882354,0.0,0.0,0.0
882.2938235294117,0.0,0.0,0.0
882.3617647058824,0.0,0.0,0.0
882.4588235294118,0.0,0.0,0.0
882.5558823529411,0.0,0.0,0.0
882.6335294117647,0.0,0.0,0.0
882.6335294117647,0.0,0.0,0.0
882.7111764705883,0.0,0.0,0.0
882.7791176470588,0.0,0.0,0.0
882.8567647058824,0.0,0.0,0.0
882.924705882353,0.0,0.0,0.0
882.915,0.0,0.0,0.0
882.8955882352941,0.0,0.0,0.0
882.8082352941176,0.0,0.0,0.0
882.8082352941176,0.0,0.0,0.0
882.8858823529412,0.0,0.0,0.0
882.8761764705883,0.0,0.0,0.0
882.8761764705883,0.0,0.0,0.0
882.8761764705883,0.0,0.0,0.0
882.8761764705883,0.0,0.0,0.0
882.8082352941176,0.0,0.0,0.0
882.8955882352941,0.0,0.0,0.0
883.089705882353,0.0,0.0,0.0
883.3420588235294,0.0,0.0,0.0
883.41,0.0,0.0,0.0
883.3323529411765,0.0,0.0,0.0
883.41,0.0,0.0,0.0
883.419705882353,0.0,0.0,0.0
883.4391176470589,0.0,0.0,0.0
883.4391176470589,0.0,0.0,0.0
883.4391176470589,0.0,0.0,0.0
883.3420588235294,0.0,0.0,0.0
883.1382352941176,0.0,0.0,0.0
882.9635294117649,0.0,0.0,0.0
882.8858823529412,0.0,0.0,0.0
882.8858823529412,0.0,0.0,0.0
882.8955882352941,0.0,0.0,0.0
882.9635294117649,0.0,0.0,0.0
883.0314705882353,0.0,0.0,0.0
883.1285294117647,0.0,0.0,0.0
883.2061764705883,0.0,0.0,0.0
883.3808823529412,0.0,0.0,0.0
883.5070588235293,0.0,0.0,0.0
883.6817647058823,0.0,0.0,0.0
883.8467647058824,0.0,0.0,0.0
883.9341176470589,0.0,0.0,0.0
883.8467647058824,0.0,0.0,0.0
883.8661764705882,0.0,0.0,0.0
883.8661764705882,0.0,0.0,0.0
883.8661764705882,0.0,0.0,0.0
883.8758823529412,0.0,0.0,0.0
883.7885294117648,0.0,0.0,0.0
883.6914705882353,0.0,0.0,0.0
883.5167647058823,0.0,0.0,0.0
883.4391176470589,0.0,0.0,0.0
883.3517647058824,0.0,0.0,0.0
883.3323529411765,0.0,0.0,0.0
883.3129411764706,0.0,0.0,0.0
883.235294117647,0.0,0.0,0.0
883.235294117647,0.0,0.0,0.0
883.3032352941177,0.0,0.0,0.0
883.3129411764706,0.0,0.0,0.0
883.400294117647,0.0,0.0,0.0
883.4779411764706,0.0,0.0,0.0
883.3808823529412,0.0,0.0,0.0
883.4585294117646,0.0,0.0,0.0
883.4779411764706,0.0,0.0,0.0
883.400294117647,0.0,0.0,0.0
883.2255882352941,0.0,0.0,0.0
883.1285294117647,0.0,0.0,0.0
882.8761764705883,0.0,0.0,0.0
882.7014705882352,0.0,0.0,0.0
882.6141176470587,0.0,0.0,0.0
882.5364705882353,0.0,0.0,0.0
882.5364705882353,0.0,0.0,0.0
882.4588235294118,0.0,0.0,0.0
882.2938235294117,0.0,0.0,0.0
882.2841176470588,0.0,0.0,0.0
882.4685294117647,0.0,0.0,0.0
882.3908823529413,0.0,0.0,0.0
882.4685294117647,0.0,0.0,0.0
882.5364705882353,0.0,0.0,0.0
882.6141176470587,0.0,0.0,0.0
882.7014705882352,0.0,0.0,0.0
882.7014705882352,0.0,0.0,0.0
882.7791176470588,0.0,0.0,0.0
883.0217647058823,0.0,0.0,0.0
883.1188235294118,0.0,0.0,0.0
883.0994117647058,0.0,0.0,0.0
883.1770588235295,0.0,0.0,0.0
883.1770588235295,0.0,0.0,0.0
883.1964705882353,0.0,0.0,0.0
883.1964705882353,0.0,0.0,0.0
883.1188235294118,0.0,0.0,0.0
883.0994117647058,0.0,0.0,0.0
883.0994117647058,0.0,0.0,0.0
883.0994117647058,0.0,0.0,0.0
882.9926470588235,0.0,0.0,0.0
883.0702941176471,0.0,0.0,0.0
883.1576470588235,0.0,0.0,0.0
883.1673529411764,0.0,0.0,0.0
883.2644117647059,0.0,0.0,0.0
883.2644117647059,0.0,0.0,0.0
883.3420588235294,0.0,0.0,0.0
883.4488235294118,0.0,0.0,0.0
883.4488235294118,0.0,0.0,0.0
883.3711764705881,0.0,0.0,0.0
883.400294117647,0.0,0.0,0.0
883.400294117647,0.0,0.0,0.0
883.3129411764706,0.0,0.0,0.0
883.400294117647,0.0,0.0,0.0
883.3032352941177,0.0,0.0,0.0
883.3032352941177,0.0,0.0,0.0
883.2255882352941,0.0,0.0,0.0
883.2061764705883,0.0,0.0,0.0
883.1285294117647,0.0,0.0,0.0
883.2061764705883,0.0,0.0,0.0
883.2061764705883,0.0,0.0,0.0
883.2061764705883,0.0,0.0,0.0
883.3032352941177,0.0,0.0,0.0
883.2255882352941,0.0,0.0,0.0
883.2255882352941,0.0,0.0,0.0
883.2255882352941,0.0,0.0,0.0
883.2255882352941,0.0,0.0,0.0
883.1382352941176,0.0,0.0,0.0
883.2255882352941,0.0,0.0,0.0
883.1382352941176,0.0,0.0,0.0
883.3032352941177,0.0,0.0,0.0
883.3032352941177,0.0,0.0,0.0
883.2061764705883,0.0,0.0,0.0
883.2061764705883,0.0,0.0,0.0
883.2061764705883,0.0,0.0,0.0
883.2061764705883,0.0,0.0,0.0
883.2838235294116,0.0,0.0,0.0
883.3711764705881,0.0,0.0,0.0
883.2838235294116,0.0,0.0,0.0
883.2838235294116,0.0,0.0,0.0
883.2061764705883,0.0,0.0,0.0
883.1964705882353,0.0,0.0,0.0
883.1964705882353,0.0,0.0,0.0
883.2741176470588,0.0,0.0,0.0
883.3517647058824,0.0,0.0,0.0
883.3517647058824,0.0,0.0,0.0
883.3808823529412,0.0,0.0,0.0
883.2838235294116,0.0,0.0,0.0
883.2644117647059,0.0,0.0,0.0
883.2644117647059,0.0,0.0,0.0
883.245,0.0,0.0,0.0
883.2644117647059,0.0,0.0,0.0
883.2644117647059,0.0,0.0,0.0
883.2644117647059,0.0,0.0,0.0
883.2644117647059,0.0,0.0,0.0
883.245,0.0,0.0,0.0
883.3032352941177,0.0,0.0,0.0
883.3032352941177,0.0,0.0,0.0
883.41,0.0,0.0,0.0
883.4876470588235,0.0,0.0,0.0
883.5070588235293,0.0,0.0,0.0
883.41,0.0,0.0,0.0
883.4876470588235,0.0,0.0,0.0
883.400294117647,0.0,0.0,0.0
883.3129411764706,0.0,0.0,0.0
883.245,0.0,0.0,0.0
883.089705882353,0.0,0.0,0.0
883.0217647058823,0.0,0.0,0.0
882.8470588235294,0.0,0.0,0.0
882.6723529411764,0.0,0.0,0.0
882.42,0.0,0.0,0.0
882.4297058823529,0.0,0.0,0.0
882.1870588235294,0.0,0.0,0.0
882.1094117647059,0.0,0.0,0.0
881.8570588235295,0.0,0.0,0.0
881.7794117647059,0.0,0.0,0.0
881.6823529411765,0.0,0.0,0.0
881.7600000000001,0.0,0.0,0.0
881.8570588235295,0.0,0.0,0.0
881.9444117647059,0.0,0.0,0.0
882.1094117647059,0.0,0.0,0.0
882.0317647058824,0.0,0.0,0.0
882.0123529411765,0.0,0.0,0.0
882.0317647058824,0.0,0.0,0.0
882.2161764705883,0.0,0.0,0.0
882.2161764705883,0.0,0.0,0.0
882.2161764705883,0.0,0.0,0.0
882.1385294117647,0.0,0.0,0.0
882.0317647058824,0.0,0.0,0.0
882.0317647058824,0.0,0.0,0.0
881.9638235294118,0.0,0.0,0.0
881.9638235294118,0.0,0.0,0.0
882.0608823529411,0.0,0.0,0.0
882.1482352941176,0.0,0.0,0.0
882.1385294117647,0.0,0.0,0.0
882.2161764705883,0.0,0.0,0.0
882.3229411764705,0.0,0.0,0.0
882.4005882352941,0.0,0.0,0.0
882.6335294117647,0.0,0.0,0.0
882.6432352941176,0.0,0.0,0.0
882.7402941176472,0.0,0.0,0.0
882.915,0.0,0.0,0.0
883.089705882353,0.0,0.0,0.0
883.2644117647059,0.0,0.0,0.0
883.4391176470589,0.0,0.0,0.0
883.5167647058823,0.0,0.0,0.0
883.6817647058823,0.0,0.0,0.0
883.6817647058823,0.0,0.0,0.0
883.5847058823529,0.0,0.0,0.0
883.720588235294,0.0,0.0,0.0
883.720588235294,0.0,0.0,0.0
883.7885294117648,0.0,0.0,0.0
883.6817647058823,0.0,0.0,0.0
883.5847058823529,0.0,0.0,0.0
883.5847058823529,0.0,0.0,0.0
883.5847058823529,0.0,0.0,0.0
883.4876470588235,0.0,0.0,0.0
883.4876470588235,0.0,0.0,0.0
883.4585294117646,0.0,0.0,0.0
883.3323529411765,0.0,0.0,0.0
883.235294117647,0.0,0.0,0.0
882.9926470588235,0.0,0.0,0.0
882.9441176470589,0.0,0.0,0.0
882.8567647058824,0.0,0.0,0.0
882.6044117647059,0.0,0.0,0.0
882.5364705882353,0.0,0.0,0.0
882.3908823529413,0.0,0.0,0.0
882.2258823529412,0.0,0.0,0.0
882.1482352941176,0.0,0.0,0.0
882.0608823529411,0.0,0.0,0.0
881.9638235294118,0.0,0.0,0.0
882.0414705882353,0.0,0.0,0.0
881.9638235294118,0.0,0.0,0.0
881.8861764705882,0.0,0.0,0.0
881.9638235294118,0.0,0.0,0.0
881.7891176470588,0.0,0.0,0.0
881.6920588235294,0.0,0.0,0.0
881.6920588235294,0.0,0.0,0.0
881.5367647058823,0.0,0.0,0.0
881.3717647058825,0.0,0.0,0.0
881.3038235294117,0.0,0.0,0.0
881.1485294117648,0.0,0.0,0.0
881.1485294117648,0.0,0.0,0.0
881.0514705882354,0.0,0.0,0.0
881.0611764705883,0.0,0.0,0.0
881.0611764705883,0.0,0.0,0.0
881.1485294117648,0.0,0.0,0.0
881.2358823529413,0.0,0.0,0.0
881.4008823529412,0.0,0.0,0.0
881.5561764705882,0.0,0.0,0.0
881.7308823529412,0.0,0.0,0.0
881.8182352941177,0.0,0.0,0.0
881.8861764705882,0.0,0.0,0.0
881.9638235294118,0.0,0.0,0.0
881.9444117647059,0.0,0.0,0.0
882.1094117647059,0.0,0.0,0.0
882.1191176470589,0.0,0.0,0.0
882.1094117647059,0.0,0.0,0.0
882.1094117647059,0.0,0.0,0.0
882.1094117647059,0.0,0.0,0.0
882.0123529411765,0.0,0.0,0.0
882.0123529411765,0.0,0.0,0.0
882.0123529411765,0.0,0.0,0.0
881.9347058823529,0.0,0.0,0.0
881.9347058823529,0.0,0.0,0.0
881.8570588235295,0.0,0.0,0.0
881.7891176470588,0.0,0.0,0.0
881.8182352941177,0.0,0.0,0.0
881.7600000000001,0.0,0.0,0.0
881.6726470588235,0.0,0.0,0.0
881.4008823529412,0.0,0.0,0.0
881.1485294117648,0.0,0.0,0.0
880.9835294117647,0.0,0.0,0.0
880.9058823529411,0.0,0.0,0.0
880.8282352941177,0.0,0.0,0.0
880.7408823529411,0.0,0.0,0.0
880.779705882353,0.0,0.0,0.0
880.8476470588236,0.0,0.0,0.0
880.9058823529411,0.0,0.0,0.0
881.0223529411765,0.0,0.0,0.0
881.3717647058825,0.0,0.0,0.0
881.7114705882352,0.0,0.0,0.0
881.8667647058824,0.0,0.0,0.0
882.1094117647059,0.0,0.0,0.0
882.2744117647059,0.0,0.0,0.0
882.4491176470589,0.0,0.0,0.0
882.5364705882353,0.0,0.0,0.0
882.5364705882353,0.0,0.0,0.0
882.5364705882353,0.0,0.0,0.0
882.6335294117647,0.0,0.0,0.0
882.5558823529411,0.0,0.0,0.0
882.3908823529413,0.0,0.0,0.0
882.2258823529412,0.0,0.0,0.0
882.070588235294,0.0,0.0,0.0
881.8279411764705,0.0,0.0,0.0
881.7794117647059,0.0,0.0,0.0
881.7308823529412,0.0,0.0,0.0
881.6435294117647,0.0,0.0,0.0
881.3911764705882,0.0,0.0,0.0
881.274705882353,0.0,0.0,0.0
881.109705882353,0.0,0.0,0.0
881.1873529411765,0.0,0.0,0.0
881.4397058823529,0.0,0.0,0.0
881.6144117647059,0.0,0.0,0.0
881.9444117647059,0.0,0.0,0.0
882.0802941176471,0.0,0.0,0.0
882.2064705882354,0.0,0.0,0.0
882.3811764705882,0.0,0.0,0.0
882.8082352941176,0.0,0.0,0.0
882.8858823529412,0.0,0.0,0.0
883.3129411764706,0.0,0.0,0.0
883.4876470588235,0.0,0.0,0.0
883.41,0.0,0.0,0.0
883.4876470588235,0.0,0.0,0.0
883.5070588235293,0.0,0.0,0.0
883.419705882353,0.0,0.0,0.0
883.3517647058824,0.0,0.0,0.0
883.2741176470588,0.0,0.0,0.0
883.1188235294118,0.0,0.0,0.0
883.2061764705883,0.0,0.0,0.0
883.235294117647,0.0,0.0,0.0
883.1770588235295,0.0,0.0,0.0
883.2838235294116,0.0,0.0,0.0
883.2838235294116,0.0,0.0,0.0
883.1964705882353,0.0,0.0,0.0
883.1770588235295,0.0,0.0,0.0
883.2644117647059,0.0,0.0,0.0
883.3420588235294,0.0,0.0,0.0
883.419705882353,0.0,0.0,0.0
883.3323529411765,0.0,0.0,0.0
883.2255882352941,0.0,0.0,0.0
883.235294117647,0.0,0.0,0.0
883.2061764705883,0.0,0.0,0.0
883.1285294117647,0.0,0.0,0.0
883.1285294117647,0.0,0.0,0.0
883.0605882352942,0.0,0.0,0.0
882.9829411764706,0.0,0.0,0.0
882.8082352941176,0.0,0.0,0.0
882.8179411764706,0.0,0.0,0.0
882.7402941176472,0.0,0.0,0.0
882.6626470588234,0.0,0.0,0.0
882.5558823529411,0.0,0.0,0.0
882.4685294117647,0.0,0.0,0.0
882.3908823529413,0.0,0.0,0.0
882.3132352941176,0.0,0.0,0.0
882.3132352941176,0.0,0.0,0.0
882.3229411764705,0.0,0.0,0.0
882.3423529411766,0.0,0.0,0.0
882.2452941176471,0.0,0.0,0.0
882.1482352941176,0.0,0.0,0.0
882.070588235294,0.0,0.0,0.0
881.9735294117647,0.0,0.0,0.0
882.0608823529411,0.0,0.0,0.0
881.9735294117647,0.0,0.0,0.0
881.9735294117647,0.0,0.0,0.0
881.9735294117647,0.0,0.0,0.0
881.8861764705882,0.0,0.0,0.0
881.8861764705882,0.0,0.0,0.0
881.7988235294117,0.0,0.0,0.0
881.8182352941177,0.0,0.0,0.0
881.7988235294117,0.0,0.0,0.0
881.8861764705882,0.0,0.0,0.0
881.7114705882352,0.0,0.0,0.0
881.7891176470588,0.0,0.0,0.0
881.8667647058824,0.0,0.0,0.0
881.8667647058824,0.0,0.0,0.0
881.9638235294118,0.0,0.0,0.0
882.0608823529411,0.0,0.0,0.0
882.2258823529412,0.0,0.0,0.0
882.3908823529413,0.0,0.0,0.0
882.5752941176471,0.0,0.0,0.0
882.7402941176472,0.0,0.0,0.0
882.924705882353,0.0,0.0,0.0
883.0994117647058,0.0,0.0,0.0
883.1964705882353,0.0,0.0,0.0
883.3711764705881,0.0,0.0,0.0
883.4391176470589,0.0,0.0,0.0
883.5167647058823,0.0,0.0,0.0
883.5944117647058,0.0,0.0,0.0
883.6138235294118,0.0,0.0,0.0
883.5944117647058,0.0,0.0,0.0
883.6138235294118,0.0,0.0,0.0
883.5944117647058,0.0,0.0,0.0
883.5167647058823,0.0,0.0,0.0
883.419705882353,0.0,0.0,0.0
883.3323529411765,0.0,0.0,0.0
883.245,0.0,0.0,0.0
883.245,0.0,0.0,0.0
883.245,0.0,0.0,0.0
883.245,0.0,0.0,0.0
883.3323529411765,0.0,0.0,0.0
883.2741176470588,0.0,0.0,0.0
883.3032352941177,0.0,0.0,0.0
883.41,0.0,0.0,0.0
883.4488235294118,0.0,0.0,0.0
883.4488235294118,0.0,0.0,0.0
883.4488235294118,0.0,0.0,0.0
883.3517647058824,0.0,0.0,0.0
883.245,0.0,0.0,0.0
883.1576470588235,0.0,0.0,0.0
883.0702941176471,0.0,0.0,0.0
882.9441176470589,0.0,0.0,0.0
882.915,0.0,0.0,0.0
882.7888235294118,0.0,0.0,0.0
882.8373529411765,0.0,0.0,0.0
882.8470588235294,0.0,0.0,0.0
882.8761764705883,0.0,0.0,0.0
882.8761764705883,0.0,0.0,0.0
882.8955882352941,0.0,0.0,0.0
882.8955882352941,0.0,0.0,0.0
882.8179411764706,0.0,0.0,0.0
882.7402941176472,0.0,0.0,0.0
882.5752941176471,0.0,0.0,0.0
882.4005882352941,0.0,0.0,0.0
882.2452941176471,0.0,0.0,0.0
882.1773529411764,0.0,0.0,0.0
882.070588235294,0.0,0.0,0.0
881.8958823529413,0.0,0.0,0.0
881.6241176470588,0.0,0.0,0.0
881.4494117647058,0.0,0.0,0.0
881.3620588235295,0.0,0.0,0.0
881.1970588235295,0.0,0.0,0.0
881.109705882353,0.0,0.0,0.0
880.9350000000001,0.0,0.0,0.0
880.8379411764706,0.0,0.0,0.0
880.7311764705881,0.0,0.0,0.0
880.6341176470588,0.0,0.0,0.0
880.7214705882352,0.0,0.0,0.0
880.8864705882354,0.0,0.0,0.0
881.0514705882354,0.0,0.0,0.0
881.2261764705881,0.0,0.0,0.0
881.4785294117647,0.0,0.0,0.0
881.6532352941176,0.0,0.0,0.0
881.925,0.0,0.0,0.0
882.099705882353,0.0,0.0,0.0
882.2550000000001,0.0,0.0,0.0
882.3423529411766,0.0,0.0,0.0
882.1773529411764,0.0,0.0,0.0
882.1773529411764,0.0,0.0,0.0
882.1870588235294,0.0,0.0,0.0
882.1870588235294,0.0,0.0,0.0
882.2841176470588,0.0,0.0,0.0
882.3617647058824,0.0,0.0,0.0
882.4297058823529,0.0,0.0,0.0
882.3520588235294,0.0,0.0,0.0
882.2744117647059,0.0,0.0,0.0
882.2744117647059,0.0,0.0,0.0
882.5267647058822,0.0,0.0,0.0
882.6044117647059,0.0,0.0,0.0
