0,1
1486.92,1500.0
1486.74,1500.0
1486.66,1500.0
1486.58,1500.0
1486.43,1500.0
1486.33,1500.0
1486.34,1500.0
1486.32,1500.0
1486.37,1500.0
1486.44,1500.0
1486.4,1500.0
1486.36,1500.0
1486.3,1500.0
1486.23,1500.0
1486.15,1500.0
1486.05,1500.0
1486.08,1500.0
1486.07,1500.0
1486.09,1500.0
1486.18,1500.0
1486.25,1500.0
1486.22,1500.0
1486.2,1500.0
1486.19,1500.0
1485.96,1500.0
1485.94,1500.0
1485.92,1500.0
1485.98,1500.0
1486.04,1500.0
1486.29,1500.0
1486.52,1500.0
1486.62,1500.0
1486.67,1500.0
1486.69,1500.0
1486.59,1500.0
1486.56,1500.0
1486.55,1500.0
1486.47,1500.0
1486.38,1500.0
1486.41,1500.0
1486.61,1500.0
1486.77,1500.0
1486.8,1500.0
1486.73,1500.0
1486.78,1500.0
1486.76,1500.0
1486.65,1500.0
1486.72,1500.0
1486.63,1500.0
1486.7,1500.0
1486.48,1500.0
1486.11,1500.0
1486.27,1500.0
1486.85,1500.0
1486.94,1500.0
1486.87,1500.0
1486.81,1500.0
1486.49,1500.0
1486.45,1500.0
1486.51,1500.0
1486.14,1500.0
1486.03,1500.0
1486.01,1500.0
1486.12,1500.0
1486.98,1500.0
1487.05,1500.0
1487.12,1500.0
1487.17,1500.0
1487.27,1500.0
1487.35,1500.0
1487.5,1500.0
1487.7,1500.0
1487.86,1500.0
1487.89,1500.0
1487.79,1500.0
1487.87,1500.0
1487.96,1500.0
1487.72,1500.0
1487.57,1500.0
1487.42,1500.0
1487.34,1500.0
1487.1,1500.0
1486.96,1500.0
1486.99,1500.0
1486.26,1500.0
1485.93,1500.0
1485.83,1500.0
1485.69,1500.0
1485.56,1500.0
1485.51,1500.0
1485.61,1500.0
1485.67,1500.0
1485.63,1500.0
1485.71,1500.0
1485.76,1500.0
1485.82,1500.0
1485.89,1500.0
1485.79,1500.0
1485.78,1500.0
1485.72,1500.0
1485.86,1500.0
1486.16,1500.0
1486.84,1500.0
1486.91,1500.0
1487.02,1500.0
1487.09,1500.0
1487.24,1500.0
1487.23,1500.0
1487.31,1500.0
1487.36,1500.0
1487.32,1500.0
1487.39,1500.0
1487.43,1500.0
1487.46,1500.0
1487.47,1500.0
1487.56,1500.0
1487.63,1500.0
1487.61,1500.0
1487.58,1500.0
1487.53,1500.0
1487.41,1500.0
1487.25,1500.0
1487.18,1500.0
1487.07,1500.0
1487.13,1500.0
1487.16,1500.0
1487.06,1500.0
1487.01,1500.0
1485.97,1500.0
1485.91,1500.0
1485.9,1500.0
1486.83,1500.0
1486.95,1500.0
1487.14,1500.0
1487.03,1500.0
1486.89,1500.0
1486.88,1500.0
1486.6,1500.0
1486.54,1500.0
1485.85,1500.0
1485.74,1500.0
1485.68,1500.0
1485.57,1500.0
1485.49,1500.0
1485.43,1500.0
1485.46,1500.0
1485.53,1500.0
1485.64,1500.0
1487.93,1500.0
1488.23,1500.0
1488.43,1500.0
1488.7,1500.0
1488.99,1500.0
1489.3,1500.0
1489.57,1500.0
1489.48,1500.0
1489.28,1500.0
1489.36,1500.0
1489.71,1500.0
1490.01,1500.0
1490.47,1500.0
1490.84,1500.0
1491.01,1500.0
1491.08,1500.0
1491.09,1500.0
1491.13,1500.0
1491.19,1500.0
1491.27,1500.0
1491.34,1500.0
1491.37,1500.0
1491.28,1500.0
1491.39,1500.0
1491.68,1500.0
1491.96,1500.0
1492.26,1500.0
1492.53,1500.0
1492.86,1500.0
1493.64,1500.0
1494.32,1500.0
1495.08,1500.0
1495.81,1500.0
1496.67,1500.0
1497.3,1500.0
1497.6,1500.0
1497.73,1500.0
1497.87,1500.0
1498.0,1500.0
1497.41,1500.0
1496.93,1500.0
1496.43,1500.0
1495.95,1500.0
1495.56,1500.0
1495.45,1500.0
1494.94,1500.0
1494.66,1500.0
1494.47,1500.0
1493.96,1500.0
1493.56,1500.0
1493.05,1500.0
1492.59,1500.0
1492.04,1500.0
1491.17,1500.0
1490.26,1500.0
1490.1,1500.0
1489.9,1500.0
1489.65,1500.0
1489.43,1500.0
1489.27,1500.0
1489.06,1500.0
1488.74,1500.0
1488.51,1500.0
1488.26,1500.0
1487.98,1500.0
1487.71,1500.0
1487.74,1500.0
1487.68,1500.0
1487.67,1500.0
1487.54,1500.0
1487.52,1500.0
1487.76,1500.0
1487.75,1500.0
1487.81,1500.0
1488.04,1500.0
1488.12,1500.0
1488.29,1500.0
1488.16,1500.0
1488.07,1500.0
1488.05,1500.0
1488.19,1500.0
1488.32,1500.0
1488.4,1500.0
1488.39,1500.0
1488.5,1500.0
1488.61,1500.0
1488.67,1500.0
1488.76,1500.0
1488.73,1500.0
1488.63,1500.0
1488.62,1500.0
1488.66,1500.0
1488.58,1500.0
1488.36,1500.0
1488.34,1500.0
1488.44,1500.0
1488.52,1500.0
1488.59,1500.0
1488.56,1500.0
1488.45,1500.0
1488.33,1500.0
1488.21,1500.0
1488.03,1500.0
1488.0,1500.0
1487.97,1500.0
1488.01,1500.0
1488.1,1500.0
1488.14,1500.0
1488.3,1500.0
1488.87,1500.0
1488.98,1500.0
1489.02,1500.0
1488.96,1500.0
1488.92,1500.0
1488.9,1500.0
1488.77,1500.0
1488.72,1500.0
1488.79,1500.0
1488.84,1500.0
1489.05,1500.0
1489.21,1500.0
1489.31,1500.0
1489.41,1500.0
1489.53,1500.0
1489.75,1500.0
1489.88,1500.0
1490.0,1500.0
1490.12,1500.0
1490.25,1500.0
1490.29,1500.0
1490.33,1500.0
1490.36,1500.0
1490.4,1500.0
1490.34,1500.0
1490.28,1500.0
1490.21,1500.0
1490.08,1500.0
1489.99,1500.0
1489.97,1500.0
1489.96,1500.0
1489.94,1500.0
1489.85,1500.0
1490.07,1500.0
1490.04,1500.0
1490.03,1500.0
1489.93,1500.0
1489.86,1500.0
1489.81,1500.0
1489.78,1500.0
1489.79,1500.0
1489.83,1500.0
1489.89,1500.0
1489.7,1500.0
1489.6,1500.0
1489.49,1500.0
1489.46,1500.0
1489.38,1500.0
1489.23,1500.0
1489.13,1500.0
1489.03,1500.0
1488.95,1500.0
1488.88,1500.0
1488.83,1500.0
1488.55,1500.0
1488.27,1500.0
1488.8,1500.0
1488.85,1500.0
1487.64,1500.0
1485.75,1500.0
1485.5,1500.0
1485.47,1500.0
1485.65,1500.0
1487.28,1500.0
1487.3,1500.0
1487.49,1500.0
1487.83,1500.0
1487.65,1500.0
1334.49,1350.0
1334.54,1350.0
1334.74,1350.0
1334.82,1350.0
1334.93,1350.0
1337.19,1350.0
1337.29,1350.0
1337.36,1350.0
1337.43,1350.0
1337.45,1350.0
1337.44,1350.0
1337.3,1350.0
1337.28,1350.0
1337.25,1350.0
1335.05,1350.0
1334.94,1350.0
1334.92,1350.0
1334.9,1350.0
1334.86,1350.0
1334.78,1350.0
1334.75,1350.0
1334.69,1350.0
1334.68,1350.0
1334.65,1350.0
1334.56,1350.0
1334.5,1350.0
1334.52,1350.0
1334.58,1350.0
1334.6,1350.0
1334.71,1350.0
1334.72,1350.0
1335.03,1350.0
1334.97,1350.0
1334.76,1350.0
1334.83,1350.0
1335.07,1350.0
1335.11,1350.0
1335.16,1350.0
1335.23,1350.0
1335.32,1350.0
1335.36,1350.0
1335.29,1350.0
1335.34,1350.0
1335.4,1350.0
1335.44,1350.0
1335.49,1350.0
1335.62,1350.0
1335.73,1350.0
1335.76,1350.0
1335.88,1350.0
1335.98,1350.0
1336.14,1350.0
1336.18,1350.0
1336.21,1350.0
1336.27,1350.0
1336.36,1350.0
1336.38,1350.0
1336.3,1350.0
1336.13,1350.0
1336.09,1350.0
1336.05,1350.0
1335.96,1350.0
1335.78,1350.0
1335.63,1350.0
1335.56,1350.0
1335.54,1350.0
1335.66,1350.0
1335.58,1350.0
1335.52,1350.0
1335.47,1350.0
1335.61,1350.0
1335.69,1350.0
1335.59,1350.0
1335.51,1350.0
1335.38,1350.0
1335.41,1350.0
1335.25,1350.0
1335.19,1350.0
1335.18,1350.0
1335.15,1350.0
1334.98,1350.0
1334.85,1350.0
1334.61,1350.0
1334.47,1350.0
1334.34,1350.0
1334.28,1350.0
1334.31,1350.0
1334.24,1350.0
1334.32,1350.0
1334.39,1350.0
1334.38,1350.0
1334.46,1350.0
1334.63,1350.0
1334.64,1350.0
1334.45,1350.0
1334.42,1350.0
1334.29,1350.0
1334.8,1350.0
1334.89,1350.0
1334.87,1350.0
1335.0,1350.0
1335.12,1350.0
1335.22,1350.0
1335.26,1350.0
1335.48,1350.0
1335.55,1350.0
1335.3,1350.0
1335.21,1350.0
1335.43,1350.0
1335.37,1350.0
1335.27,1350.0
1335.65,1350.0
1335.91,1350.0
1335.94,1350.0
1335.99,1350.0
1336.03,1350.0
1336.02,1350.0
1336.06,1350.0
1336.1,1350.0
1336.17,1350.0
1336.16,1350.0
1336.24,1350.0
1336.12,1350.0
1335.33,1350.0
1335.72,1350.0
1336.39,1350.0
1336.61,1350.0
1336.85,1350.0
1337.03,1350.0
1337.23,1350.0
1337.37,1350.0
1337.51,1350.0
1337.55,1350.0
1337.76,1350.0
1337.84,1350.0
1337.92,1350.0
1338.02,1350.0
1338.12,1350.0
1338.23,1350.0
1338.35,1350.0
1338.46,1350.0
1338.48,1350.0
1338.59,1350.0
1338.56,1350.0
1338.67,1350.0
1338.68,1350.0
1338.71,1350.0
1338.66,1350.0
1338.27,1350.0
1338.13,1350.0
1337.9,1350.0
1337.77,1350.0
1337.65,1350.0
1337.5,1350.0
1337.4,1350.0
1337.41,1350.0
1337.39,1350.0
1337.47,1350.0
1337.48,1350.0
1337.33,1350.0
1337.26,1350.0
1337.1,1350.0
1337.04,1350.0
1336.89,1350.0
1336.82,1350.0
1336.74,1350.0
1336.72,1350.0
1336.71,1350.0
1336.94,1350.0
1337.79,1350.0
1337.94,1350.0
1337.95,1350.0
1338.09,1350.0
1338.16,1350.0
1338.08,1350.0
1337.98,1350.0
1337.97,1350.0
1338.05,1350.0
1338.2,1350.0
1338.34,1350.0
1338.45,1350.0
1338.57,1350.0
1338.85,1350.0
1339.01,1350.0
1339.11,1350.0
1339.29,1350.0
1339.39,1350.0
1339.52,1350.0
1339.54,1350.0
1339.68,1350.0
1339.77,1350.0
1339.72,1350.0
1339.61,1350.0
1339.46,1350.0
1339.3,1350.0
1339.26,1350.0
1339.23,1350.0
1339.14,1350.0
1339.1,1350.0
1339.04,1350.0
1338.86,1350.0
1338.74,1350.0
1338.7,1350.0
1338.72,1350.0
1338.93,1350.0
1338.94,1350.0
1338.77,1350.0
1338.88,1350.0
1339.08,1350.0
1339.21,1350.0
1339.28,1350.0
1339.12,1350.0
1339.32,1350.0
1339.22,1350.0
1339.17,1350.0
1339.19,1350.0
1339.25,1350.0
1339.62,1350.0
1339.33,1350.0
1338.97,1350.0
1338.81,1350.0
1338.78,1350.0
1338.52,1350.0
1338.1,1350.0
1338.31,1350.0
1338.17,1350.0
1338.28,1350.0
1338.32,1350.0
1338.37,1350.0
1338.54,1350.0
1339.07,1350.0
1338.92,1350.0
1338.64,1350.0
1337.69,1350.0
1337.11,1350.0
1337.01,1350.0
1337.56,1350.0
1337.72,1350.0
1337.8,1350.0
1338.19,1350.0
1338.39,1350.0
1338.43,1350.0
1339.0,1350.0
1339.15,1350.0
1338.83,1350.0
1338.61,1350.0
1338.63,1350.0
1338.75,1350.0
1338.89,1350.0
1339.06,1350.0
1339.47,1350.0
1339.44,1350.0
1339.69,1350.0
1339.43,1350.0
1339.57,1350.0
1338.49,1350.0
1338.21,1350.0
1337.83,1350.0
1337.85,1350.0
1337.73,1350.0
1337.62,1350.0
1337.22,1350.0
1337.07,1350.0
1336.78,1350.0
1336.63,1350.0
1336.47,1350.0
1336.23,1350.0
1335.7,1350.0
1335.74,1350.0
1335.67,1350.0
1335.81,1350.0
1335.84,1350.0
1335.83,1350.0
1335.95,1350.0
1336.2,1350.0
1336.52,1350.0
1336.34,1350.0
1336.25,1350.0
1336.28,1350.0
1336.35,1350.0
1335.87,1350.0
1335.9,1350.0
1336.41,1350.0
1336.42,1350.0
1336.6,1350.0
1336.96,1350.0
1336.97,1350.0
1336.46,1350.0
1334.23,1350.0
1333.77,1350.0
1333.89,1350.0
1333.98,1350.0
1334.06,1350.0
1335.45,1350.0
1335.92,1350.0
1335.85,1350.0
1340.26,1350.0
1340.44,1350.0
1342.52,1350.0
1344.93,1350.0
1344.96,1350.0
1347.21,1350.0
1344.95,1350.0
1345.1,1350.0
1345.28,1350.0
1345.29,1350.0
1344.92,1350.0
1345.04,1350.0
1343.4,1350.0
1341.33,1350.0
1341.7,1350.0
1339.79,1350.0
1340.01,1350.0
1340.02,1350.0
1340.13,1350.0
1339.81,1350.0
1339.87,1350.0
1341.15,1350.0
1342.85,1350.0
1346.63,1350.0
1348.66,1350.0
1350.45,1350.0
1350.32,1350.0
1350.23,1350.0
1350.16,1350.0
1352.0,1350.0
1350.29,1350.0
1348.67,1350.0
1346.96,1350.0
1345.44,1350.0
1343.66,1350.0
1341.87,1350.0
1341.82,1350.0
1341.99,1350.0
1340.05,1350.0
1342.13,1350.0
1342.35,1350.0
1342.51,1350.0
1342.64,1350.0
1344.82,1350.0
1345.25,1350.0
1345.47,1350.0
1345.58,1350.0
1345.5,1350.0
1343.82,1350.0
1343.71,1350.0
1343.28,1350.0
1341.17,1350.0
1340.64,1350.0
1340.78,1350.0
1340.46,1350.0
1339.95,1350.0
1337.91,1350.0
1339.65,1350.0
1339.88,1350.0
1340.08,1350.0
1340.09,1350.0
1340.1,1350.0
1340.24,1350.0
1340.35,1350.0
1340.84,1350.0
1341.1,1350.0
1340.99,1350.0
1341.01,1350.0
1341.14,1350.0
1341.55,1350.0
1341.54,1350.0
1341.44,1350.0
1341.26,1350.0
1340.7,1350.0
1339.99,1350.0
1340.06,1350.0
1339.51,1350.0
1339.5,1350.0
1339.58,1350.0
1339.75,1350.0
1339.66,1350.0
1339.36,1350.0
1338.96,1350.0
1339.9,1350.0
1340.04,1350.0
1339.84,1350.0
1339.91,1350.0
1339.94,1350.0
1339.8,1350.0
1339.59,1350.0
1339.76,1350.0
1339.73,1350.0
1340.5,1350.0
1341.28,1350.0
1341.08,1350.0
1341.06,1350.0
1340.96,1350.0
1341.03,1350.0
1340.85,1350.0
1340.6,1350.0
1339.97,1350.0
1339.7,1350.0
1339.63,1350.0
1341.66,1350.0
1343.73,1350.0
1345.87,1350.0
1347.58,1350.0
1349.9,1350.0
1349.89,1350.0
1352.03,1350.0
1351.74,1350.0
1349.56,1350.0
1349.64,1350.0
1347.67,1350.0
1343.69,1350.0
1341.46,1350.0
1342.11,1350.0
1340.32,1350.0
1340.95,1350.0
1343.26,1350.0
1345.31,1350.0
1347.42,1350.0
1349.86,1350.0
1350.14,1350.0
1352.43,1350.0
1354.15,1350.0
1356.35,1350.0
1358.44,1350.0
1358.46,1350.0
1358.18,1350.0
1356.4,1350.0
1354.62,1350.0
1352.08,1350.0
1351.63,1350.0
1349.35,1350.0
1347.28,1350.0
1343.11,1350.0
1342.84,1350.0
1341.19,1350.0
1341.13,1350.0
1340.81,1350.0
1340.97,1350.0
1341.0,1350.0
1341.24,1350.0
1341.32,1350.0
1341.64,1350.0
1341.68,1350.0
1341.84,1350.0
1341.86,1350.0
1342.12,1350.0
1342.33,1350.0
1342.59,1350.0
1342.62,1350.0
1342.8,1350.0
1342.74,1350.0
1342.77,1350.0
1342.96,1350.0
1342.88,1350.0
1342.46,1350.0
1342.45,1350.0
1342.15,1350.0
1341.73,1350.0
1340.79,1350.0
1340.34,1350.0
1339.41,1350.0
1338.79,1350.0
1338.82,1350.0
1339.4,1350.0
1340.31,1350.0
1340.39,1350.0
1339.92,1350.0
1340.67,1350.0
1341.4,1350.0
1342.22,1350.0
1342.31,1350.0
1342.05,1350.0
1342.41,1350.0
1342.48,1350.0
1341.94,1350.0
1341.76,1350.0
1341.75,1350.0
1341.48,1350.0
1340.68,1350.0
1340.53,1350.0
1340.92,1350.0
1340.71,1350.0
1340.9,1350.0
1340.88,1350.0
1340.82,1350.0
1340.45,1350.0
1340.28,1350.0
1341.21,1350.0
1340.73,1350.0
1340.61,1350.0
1340.56,1350.0
1340.57,1350.0
1339.83,1350.0
1336.31,1350.0
1204.22,1350.0
1084.57,1350.0
1084.61,1350.0
1084.5,1350.0
1084.53,1350.0
1084.64,1350.0
1084.67,1350.0
1084.79,1350.0
1216.69,1350.0
1336.32,1350.0
1336.49,1350.0
1336.5,1350.0
1336.59,1350.0
1336.64,1350.0
1337.0,1350.0
1340.41,1350.0
1341.11,1350.0
1340.38,1350.0
1340.49,1350.0
1340.27,1350.0
1340.55,1350.0
1340.3,1350.0
1340.15,1350.0
1340.12,1350.0
1340.17,1350.0
1340.37,1350.0
1340.16,1350.0
1339.86,1350.0
1339.03,1350.0
1338.99,1350.0
1339.35,1350.0
1340.42,1350.0
1340.59,1350.0
1340.66,1350.0
1341.36,1350.0
1341.95,1350.0
1342.2,1350.0
1342.55,1350.0
1342.39,1350.0
1342.56,1350.0
1342.02,1350.0
1341.93,1350.0
1341.65,1350.0
1341.51,1350.0
1341.77,1350.0
1341.91,1350.0
1342.08,1350.0
1342.97,1350.0
1343.1,1350.0
1343.03,1350.0
1342.95,1350.0
1342.53,1350.0
1342.24,1350.0
1342.3,1350.0
1343.36,1350.0
1343.51,1350.0
1343.83,1350.0
1344.0,1350.0
1344.16,1350.0
1344.24,1350.0
1344.33,1350.0
1344.41,1350.0
1344.34,1350.0
1344.52,1350.0
1344.64,1350.0
1344.77,1350.0
1344.89,1350.0
1345.02,1350.0
1345.14,1350.0
1345.27,1350.0
1345.39,1350.0
1345.51,1350.0
1345.64,1350.0
1345.2,1350.0
1344.75,1350.0
1344.3,1350.0
1344.04,1350.0
1343.77,1350.0
1343.02,1350.0
1342.82,1350.0
1342.81,1350.0
1342.91,1350.0
1343.13,1350.0
1343.0,1350.0
1343.2,1350.0
1343.39,1350.0
1343.57,1350.0
1343.75,1350.0
1343.87,1350.0
1343.97,1350.0
1344.01,1350.0
1344.99,1350.0
1344.6,1350.0
1344.22,1350.0
1344.26,1350.0
1344.45,1350.0
1344.62,1350.0
1344.88,1350.0
1344.63,1350.0
1246.04,1350.0
1245.82,1350.0
1245.6,1350.0
1245.34,1350.0
1245.08,1350.0
1244.82,1350.0
1244.14,1350.0
1243.63,1350.0
1243.12,1350.0
1242.77,1350.0
1340.89,1350.0
1341.5,1350.0
1341.42,1350.0
1342.68,1350.0
1343.24,1350.0
1343.25,1350.0
1343.29,1350.0
1343.08,1350.0
1156.34,1200.0
1156.59,1200.0
1156.85,1200.0
1157.19,1200.0
1157.47,1200.0
1157.54,1200.0
1157.65,1200.0
1157.76,1200.0
1157.84,1200.0
1157.93,1200.0
1157.95,1200.0
1157.96,1200.0
1158.06,1200.0
1157.98,1200.0
1158.03,1200.0
1158.11,1200.0
1158.13,1200.0
1158.04,1200.0
1157.8,1200.0
1157.21,1200.0
1157.04,1200.0
1156.87,1200.0
1156.8,1200.0
1156.62,1200.0
1156.47,1200.0
1156.19,1200.0
1156.02,1200.0
1156.1,1200.0
1156.12,1200.0
1156.29,1200.0
1156.37,1200.0
1156.64,1200.0
1156.7,1200.0
1157.14,1200.0
1157.4,1200.0
1157.64,1200.0
1157.56,1200.0
1156.98,1200.0
1156.89,1200.0
1156.72,1200.0
1156.48,1200.0
1155.97,1200.0
1155.88,1200.0
1155.81,1200.0
1156.05,1200.0
1156.22,1200.0
1156.57,1200.0
1156.75,1200.0
1156.92,1200.0
1157.25,1200.0
1157.17,1200.0
1157.09,1200.0
1156.93,1200.0
1156.77,1200.0
1156.51,1200.0
1156.44,1200.0
1156.18,1200.0
1156.09,1200.0
1156.08,1200.0
1155.99,1200.0
1155.9,1200.0
1155.82,1200.0
1155.66,1200.0
1155.49,1200.0
1155.21,1200.0
1155.13,1200.0
1155.03,1200.0
1155.17,1200.0
1155.35,1200.0
1155.42,1200.0
1155.58,1200.0
1155.74,1200.0
1155.91,1200.0
1155.83,1200.0
1155.41,1200.0
1155.39,1200.0
1155.47,1200.0
1155.55,1200.0
1155.62,1200.0
1155.78,1200.0
1156.42,1200.0
1156.58,1200.0
1156.76,1200.0
1157.0,1200.0
1157.08,1200.0
1156.96,1200.0
1157.05,1200.0
1157.12,1200.0
1157.37,1200.0
1157.63,1200.0
1157.71,1200.0
1157.86,1200.0
1158.21,1200.0
1158.31,1200.0
1158.39,1200.0
1158.47,1200.0
1158.55,1200.0
1158.53,1200.0
1158.62,1200.0
1158.7,1200.0
1158.46,1200.0
1158.38,1200.0
1158.3,1200.0
1157.33,1200.0
1157.32,1200.0
1157.22,1200.0
1157.24,1200.0
1157.07,1200.0
1156.97,1200.0
1156.9,1200.0
1156.73,1200.0
1157.28,1200.0
1157.29,1200.0
1156.94,1200.0
1156.54,1200.0
1156.36,1200.0
1156.5,1200.0
1157.15,1200.0
1157.31,1200.0
1157.72,1200.0
1157.89,1200.0
1157.81,1200.0
1157.74,1200.0
1157.35,1200.0
1157.01,1200.0
1156.25,1200.0
1155.75,1200.0
1155.67,1200.0
1156.14,1200.0
1156.31,1200.0
1156.4,1200.0
1156.23,1200.0
1156.52,1200.0
1156.61,1200.0
1157.57,1200.0
1157.53,1200.0
1157.61,1200.0
1157.52,1200.0
1157.43,1200.0
1157.44,1200.0
1157.18,1200.0
1156.3,1200.0
1155.95,1200.0
1155.36,1200.0
1155.18,1200.0
1155.02,1200.0
1154.74,1200.0
1154.54,1200.0
1154.47,1200.0
1154.37,1200.0
1154.36,1200.0
1154.44,1200.0
1154.39,1200.0
1154.6,1200.0
1154.86,1200.0
1155.0,1200.0
1155.14,1200.0
1155.16,1200.0
1155.3,1200.0
1155.51,1200.0
1155.46,1200.0
1155.34,1200.0
1155.1,1200.0
1154.97,1200.0
1154.85,1200.0
1154.61,1200.0
1154.57,1200.0
1154.25,1200.0
1154.15,1200.0
1154.13,1200.0
1154.24,1200.0
1154.35,1200.0
1154.46,1200.0
1154.56,1200.0
1154.67,1200.0
1154.76,1200.0
1157.49,1200.0
1157.91,1200.0
1158.58,1200.0
1158.74,1200.0
1158.91,1200.0
1159.23,1200.0
1159.16,1200.0
1159.06,1200.0
1159.01,1200.0
1158.78,1200.0
1158.73,1200.0
1158.69,1200.0
1158.59,1200.0
1158.23,1200.0
1158.19,1200.0
1157.78,1200.0
1157.36,1200.0
1155.32,1200.0
1154.82,1200.0
1154.3,1200.0
1153.8,1200.0
1153.29,1200.0
1153.19,1200.0
1153.1,1200.0
1153.45,1200.0
1153.89,1200.0
1154.4,1200.0
1154.99,1200.0
1156.86,1200.0
1157.26,1200.0
1156.82,1200.0
1156.79,1200.0
1155.7,1200.0
1155.38,1200.0
1155.2,1200.0
1155.15,1200.0
1154.88,1200.0
1154.89,1200.0
1154.72,1200.0
1154.5,1200.0
1154.21,1200.0
1154.07,1200.0
1153.57,1200.0
1153.46,1200.0
1153.12,1200.0
1152.95,1200.0
1152.73,1200.0
1152.6,1200.0
1152.49,1200.0
1152.4,1200.0
1152.32,1200.0
1152.47,1200.0
1152.5,1200.0
1152.53,1200.0
1152.55,1200.0
1152.57,1200.0
1152.63,1200.0
1152.66,1200.0
1152.68,1200.0
1152.71,1200.0
1152.56,1200.0
1152.7,1200.0
1152.77,1200.0
1152.84,1200.0
1152.82,1200.0
1152.81,1200.0
1152.79,1200.0
1152.78,1200.0
1152.75,1200.0
1152.67,1200.0
1152.59,1200.0
1152.51,1200.0
1152.43,1200.0
1152.86,1200.0
1152.87,1200.0
1152.96,1200.0
1153.06,1200.0
1153.16,1200.0
1153.24,1200.0
1153.34,1200.0
1153.26,1200.0
1153.18,1200.0
1153.37,1200.0
1153.05,1200.0
1152.94,1200.0
1152.62,1200.0
1152.29,1200.0
1152.31,1200.0
1153.22,1200.0
1153.4,1200.0
1153.55,1200.0
1153.63,1200.0
1153.72,1200.0
1153.87,1200.0
1154.04,1200.0
1153.97,1200.0
1153.98,1200.0
1153.9,1200.0
1153.91,1200.0
1153.93,1200.0
1153.94,1200.0
1153.84,1200.0
1153.76,1200.0
1153.69,1200.0
1153.61,1200.0
1153.52,1200.0
1335.14,1200.0
1550.8,1200.0
1568.48,1200.0
1569.11,1200.0
1569.78,1200.0
1570.58,1200.0
1571.38,1200.0
1572.23,1200.0
1573.1,1200.0
1573.98,1200.0
1393.03,1200.0
1178.28,1200.0
1161.52,1200.0
1161.79,1200.0
1162.0,1200.0
1162.1,1200.0
1162.12,1200.0
1162.05,1200.0
1161.94,1200.0
1161.82,1200.0
1161.77,1200.0
1161.62,1200.0
1161.45,1200.0
1161.33,1200.0
1161.21,1200.0
1161.07,1200.0
1161.0,1200.0
1160.81,1200.0
1160.57,1200.0
1160.33,1200.0
1160.0,1200.0
1159.72,1200.0
1159.51,1200.0
1159.33,1200.0
1159.12,1200.0
1159.05,1200.0
1159.22,1200.0
1159.43,1200.0
1159.62,1200.0
1159.9,1200.0
1160.12,1200.0
1160.24,1200.0
1160.27,1200.0
1160.4,1200.0
1160.28,1200.0
1160.08,1200.0
1159.93,1200.0
1159.81,1200.0
1159.61,1200.0
1159.58,1200.0
1159.6,1200.0
1159.64,1200.0
1159.79,1200.0
1159.86,1200.0
1159.99,1200.0
1160.07,1200.0
1160.13,1200.0
1160.11,1200.0
1160.49,1200.0
1160.42,1200.0
1160.43,1200.0
1160.35,1200.0
1160.18,1200.0
1160.05,1200.0
1159.96,1200.0
1159.94,1200.0
1159.97,1200.0
1160.22,1200.0
1160.59,1200.0
1160.67,1200.0
1160.78,1200.0
1160.84,1200.0
1161.02,1200.0
1161.03,1200.0
1161.05,1200.0
1160.87,1200.0
1160.8,1200.0
1160.72,1200.0
1160.66,1200.0
1160.44,1200.0
1160.52,1200.0
1160.48,1200.0
1160.56,1200.0
1160.74,1200.0
1160.75,1200.0
1160.82,1200.0
1160.89,1200.0
1160.96,1200.0
1161.1,1200.0
1161.16,1200.0
1161.23,1200.0
1161.28,1200.0
1161.24,1200.0
1161.3,1200.0
1161.35,1200.0
1161.12,1200.0
1160.95,1200.0
1160.85,1200.0
1160.71,1200.0
1160.63,1200.0
1160.54,1200.0
1160.61,1200.0
1160.7,1200.0
1161.06,1200.0
1161.17,1200.0
1161.2,1200.0
1161.27,1200.0
1161.13,1200.0
1161.26,1200.0
1161.34,1200.0
1161.37,1200.0
1161.19,1200.0
1161.31,1200.0
1161.41,1200.0
1161.48,1200.0
1161.49,1200.0
1161.51,1200.0
1161.59,1200.0
1161.63,1200.0
1161.73,1200.0
1161.74,1200.0
1161.76,1200.0
1161.87,1200.0
1161.95,1200.0
1162.06,1200.0
1162.14,1200.0
1162.25,1200.0
1162.32,1200.0
1162.36,1200.0
1162.37,1200.0
1162.3,1200.0
1162.34,1200.0
1162.23,1200.0
1162.16,1200.0
1162.15,1200.0
1162.26,1200.0
1162.28,1200.0
1162.43,1200.0
1162.46,1200.0
1162.39,1200.0
1162.47,1200.0
1162.55,1200.0
1162.61,1200.0
1162.64,1200.0
1162.65,1200.0
1162.57,1200.0
1162.5,1200.0
1162.4,1200.0
1161.97,1200.0
1161.67,1200.0
1161.09,1200.0
1160.94,1200.0
1160.46,1200.0
1160.38,1200.0
1160.25,1200.0
1160.32,1200.0
1161.65,1200.0
1162.09,1200.0
1162.04,1200.0
1161.91,1200.0
1161.58,1200.0
1160.53,1200.0
1160.31,1200.0
1160.29,1200.0
1160.36,1200.0
1160.5,1200.0
1160.45,1200.0
1160.6,1200.0
1160.2,1200.0
1159.89,1200.0
1159.54,1200.0
1160.03,1200.0
1160.39,1200.0
1160.14,1200.0
1160.17,1200.0
1160.64,1200.0
1160.68,1200.0
1160.15,1200.0
1159.82,1200.0
1159.47,1200.0
1159.09,1200.0
1159.02,1200.0
1159.08,1200.0
1159.18,1200.0
1159.27,1200.0
1159.29,1200.0
1159.3,1200.0
1159.14,1200.0
1159.1,1200.0
1158.95,1200.0
1158.99,1200.0
1159.19,1200.0
1049.02,1050.0
1048.84,1050.0
1048.66,1050.0
1048.92,1050.0
1049.35,1050.0
1049.71,1050.0
1050.07,1050.0
1050.43,1050.0
1050.79,1050.0
1051.15,1050.0
1051.5,1050.0
1051.86,1050.0
1052.22,1050.0
1052.32,1050.0
1052.25,1050.0
1052.02,1050.0
1051.99,1050.0
1051.79,1050.0
1051.6,1050.0
1051.41,1050.0
1051.21,1050.0
1051.02,1050.0
1050.83,1050.0
1050.87,1050.0
1050.68,1050.0
1050.48,1050.0
1050.32,1050.0
1050.12,1050.0
1049.93,1050.0
1049.74,1050.0
1049.81,1050.0
1049.88,1050.0
1049.83,1050.0
1049.78,1050.0
1049.95,1050.0
1050.25,1050.0
1050.46,1050.0
1050.58,1050.0
1050.7,1050.0
1050.75,1050.0
1051.13,1050.0
1051.3,1050.0
1051.48,1050.0
1051.45,1050.0
1051.52,1050.0
1051.44,1050.0
1051.35,1050.0
1051.34,1050.0
1051.59,1050.0
1051.57,1050.0
1051.64,1050.0
1051.71,1050.0
1051.89,1050.0
1052.07,1050.0
1052.15,1050.0
1052.42,1050.0
1052.68,1050.0
1052.94,1050.0
1051.9,1050.0
1050.29,1050.0
1049.37,1050.0
1048.44,1050.0
1047.52,1050.0
1046.59,1050.0
1045.67,1050.0
1044.74,1050.0
1043.82,1050.0
1043.93,1050.0
1043.69,1050.0
1043.32,1050.0
1042.95,1050.0
1042.48,1050.0
1042.04,1050.0
1041.47,1050.0
1041.03,1050.0
1040.82,1050.0
1040.62,1050.0
1040.41,1050.0
1040.2,1050.0
1040.37,1050.0
1040.53,1050.0
1040.8,1050.0
1041.39,1050.0
1041.62,1050.0
1041.57,1050.0
1041.51,1050.0
1041.46,1050.0
1041.4,1050.0
1041.35,1050.0
1041.29,1050.0
1041.24,1050.0
1041.18,1050.0
1041.13,1050.0
1041.28,1050.0
1042.05,1050.0
1042.36,1050.0
1042.99,1050.0
1043.74,1050.0
1044.36,1050.0
1044.91,1050.0
1045.61,1050.0
1046.33,1050.0
1046.61,1050.0
1046.87,1050.0
1047.13,1050.0
1047.34,1050.0
1047.41,1050.0
1047.32,1050.0
1047.63,1050.0
1047.74,1050.0
1047.83,1050.0
1048.11,1050.0
1048.26,1050.0
1048.33,1050.0
1048.58,1050.0
1048.63,1050.0
1048.73,1050.0
1048.86,1050.0
1048.77,1050.0
1048.72,1050.0
1048.83,1050.0
1049.01,1050.0
1049.28,1050.0
1049.53,1050.0
1049.79,1050.0
1050.1,1050.0
1050.36,1050.0
1050.62,1050.0
1050.88,1050.0
1051.16,1050.0
1051.31,1050.0
1051.39,1050.0
1051.49,1050.0
1051.55,1050.0
1051.66,1050.0
1051.77,1050.0
1051.82,1050.0
1051.97,1050.0
1052.0,1050.0
1052.03,1050.0
1051.92,1050.0
1051.93,1050.0
1051.84,1050.0
1051.67,1050.0
1051.46,1050.0
1051.53,1050.0
1051.37,1050.0
1051.28,1050.0
1051.04,1050.0
1050.95,1050.0
1050.86,1050.0
1050.77,1050.0
1050.81,1050.0
1051.1,1050.0
1051.2,1050.0
1051.26,1050.0
1051.23,1050.0
1051.19,1050.0
1050.8,1050.0
1050.66,1050.0
1050.59,1050.0
1050.4,1050.0
1050.35,1050.0
1050.26,1050.0
1050.11,1050.0
1050.28,1050.0
1050.84,1050.0
1051.27,1050.0
1051.12,1050.0
1050.97,1050.0
1051.96,1050.0
1051.88,1050.0
1051.78,1050.0
1051.7,1050.0
1051.62,1050.0
1050.57,1050.0
1049.6,1050.0
1049.32,1050.0
1048.97,1050.0
1048.69,1050.0
1047.97,1050.0
1047.7,1050.0
1047.48,1050.0
1047.25,1050.0
1047.03,1050.0
1046.81,1050.0
1046.38,1050.0
1046.18,1050.0
1045.97,1050.0
1045.76,1050.0
1045.56,1050.0
1045.57,1050.0
1045.58,1050.0
1045.6,1050.0
1045.63,1050.0
1045.47,1050.0
1045.75,1050.0
1046.1,1050.0
1046.51,1050.0
1046.94,1050.0
1047.19,1050.0
1047.53,1050.0
1047.85,1050.0
1047.9,1050.0
1047.89,1050.0
1047.6,1050.0
1047.24,1050.0
1046.72,1050.0
1046.58,1050.0
1046.62,1050.0
1046.67,1050.0
1046.83,1050.0
1047.05,1050.0
1047.27,1050.0
1047.49,1050.0
1048.01,1050.0
1048.54,1050.0
1049.45,1050.0
1049.99,1050.0
1050.47,1050.0
1050.93,1050.0
1051.95,1050.0
1052.11,1050.0
1051.56,1050.0
1050.44,1050.0
1050.55,1050.0
1050.52,1050.0
1051.42,1050.0
1052.53,1050.0
1052.77,1050.0
1053.0,1050.0
1053.15,1050.0
1053.24,1050.0
1053.31,1050.0
1053.51,1050.0
1053.59,1050.0
1053.56,1050.0
1053.55,1050.0
1053.52,1050.0
1053.33,1050.0
1053.38,1050.0
1053.28,1050.0
1053.02,1050.0
1052.88,1050.0
1052.79,1050.0
1052.69,1050.0
1052.72,1050.0
1052.48,1050.0
1052.57,1050.0
1052.73,1050.0
1052.18,1050.0
1051.85,1050.0
1051.33,1050.0
1051.06,1050.0
1049.89,1050.0
1049.96,1050.0
1049.75,1050.0
1049.64,1050.0
1049.57,1050.0
1049.43,1050.0
1049.46,1050.0
1049.61,1050.0
1049.52,1050.0
1049.77,1050.0
1050.18,1050.0
1051.24,1050.0
1052.13,1050.0
1052.37,1050.0
1052.47,1050.0
1052.35,1050.0
1052.26,1050.0
1052.43,1050.0
1051.73,1050.0
1051.74,1050.0
1052.08,1050.0
1052.19,1050.0
1052.39,1050.0
1052.65,1050.0
1052.83,1050.0
1053.09,1050.0
1053.27,1050.0
1053.48,1050.0
1053.64,1050.0
1053.81,1050.0
1053.7,1050.0
1053.73,1050.0
1053.75,1050.0
1053.63,1050.0
1053.3,1050.0
1053.22,1050.0
1053.23,1050.0
1053.2,1050.0
1053.19,1050.0
1053.4,1050.0
1053.49,1050.0
1053.42,1050.0
1053.67,1050.0
1053.6,1050.0
1053.44,1050.0
1053.35,1050.0
1053.26,1050.0
1053.17,1050.0
1053.08,1050.0
1053.06,1050.0
1053.05,1050.0
1053.04,1050.0
1052.84,1050.0
1052.75,1050.0
1052.31,1050.0
1052.29,1050.0
1052.06,1050.0
1052.14,1050.0
1052.1,1050.0
1051.63,1050.0
1051.81,1050.0
883.34,900.0
883.26,900.0
883.35,900.0
883.44,900.0
883.18,900.0
883.1,900.0
883.27,900.0
883.37,900.0
883.28,900.0
883.38,900.0
883.46,900.0
883.55,900.0
883.7,900.0
883.79,900.0
883.77,900.0
883.85,900.0
884.01,900.0
884.08,900.0
884.24,900.0
884.25,900.0
884.35,900.0
884.44,900.0
884.51,900.0
884.58,900.0
884.67,900.0
884.68,900.0
884.69,900.0
884.76,900.0
884.83,900.0
884.82,900.0
884.85,900.0
884.86,900.0
884.75,900.0
884.65,900.0
884.57,900.0
884.41,900.0
883.98,900.0
883.91,900.0
883.83,900.0
883.84,900.0
883.93,900.0
884.02,900.0
883.95,900.0
883.88,900.0
883.97,900.0
884.05,900.0
884.07,900.0
884.04,900.0
883.94,900.0
883.87,900.0
883.69,900.0
883.61,900.0
883.53,900.0
883.63,900.0
883.8,900.0
883.81,900.0
884.16,900.0
884.28,900.0
884.26,900.0
884.43,900.0
884.4,900.0
884.39,900.0
884.3,900.0
884.09,900.0
884.0,900.0
883.74,900.0
883.73,900.0
883.76,900.0
883.59,900.0
883.3,900.0
883.4,900.0
883.45,900.0
883.52,900.0
883.51,900.0
884.11,900.0
884.19,900.0
884.29,900.0
884.47,900.0
884.62,900.0
884.71,900.0
884.87,900.0
884.89,900.0
884.95,900.0
884.93,900.0
884.97,900.0
884.79,900.0
884.78,900.0
884.8,900.0
884.99,900.0
885.1,900.0
885.08,900.0
885.17,900.0
885.25,900.0
885.35,900.0
885.43,900.0
885.32,900.0
885.31,900.0
885.24,900.0
885.18,900.0
885.0,900.0
885.07,900.0
884.96,900.0
884.61,900.0
884.55,900.0
884.56,900.0
884.23,900.0
884.13,900.0
883.9,900.0
971.63,900.0
971.45,900.0
971.46,900.0
971.36,900.0
971.26,900.0
971.35,900.0
971.43,900.0
971.6,900.0
884.37,900.0
884.46,900.0
884.54,900.0
884.52,900.0
884.92,900.0
885.03,900.0
885.13,900.0
885.21,900.0
885.22,900.0
885.15,900.0
885.23,900.0
885.29,900.0
885.38,900.0
885.54,900.0
885.56,900.0
885.46,900.0
885.45,900.0
885.36,900.0
885.28,900.0
885.19,900.0
885.14,900.0
885.06,900.0
885.34,900.0
885.42,900.0
885.5,900.0
885.57,900.0
885.59,900.0
885.6,900.0
885.49,900.0
885.63,900.0
885.64,900.0
885.62,900.0
885.71,900.0
885.73,900.0
885.53,900.0
885.52,900.0
885.39,900.0
885.04,900.0
885.27,900.0
884.9,900.0
885.02,900.0
885.41,900.0
885.74,900.0
885.82,900.0
885.91,900.0
886.01,900.0
885.92,900.0
885.84,900.0
885.75,900.0
885.69,900.0
885.47,900.0
885.66,900.0
885.7,900.0
885.11,900.0
885.85,900.0
885.99,900.0
886.08,900.0
885.9,900.0
885.81,900.0
883.72,900.0
883.62,900.0
883.12,900.0
882.94,900.0
882.85,900.0
882.77,900.0
882.6,900.0
882.53,900.0
882.27,900.0
882.18,900.0
881.99,900.0
881.75,900.0
881.65,900.0
881.4,900.0
881.32,900.0
881.24,900.0
881.15,900.0
880.98,900.0
881.16,900.0
881.17,900.0
881.34,900.0
881.43,900.0
881.52,900.0
881.61,900.0
881.69,900.0
881.87,900.0
881.94,900.0
882.04,900.0
882.12,900.0
882.21,900.0
882.29,900.0
882.36,900.0
882.46,900.0
882.56,900.0
882.63,900.0
882.71,900.0
882.78,900.0
882.86,900.0
882.92,900.0
882.9,900.0
882.81,900.0
882.89,900.0
882.88,900.0
883.09,900.0
883.41,900.0
883.33,900.0
883.42,900.0
883.14,900.0
882.96,900.0
883.03,900.0
883.13,900.0
883.21,900.0
883.68,900.0
883.31,900.0
883.24,900.0
883.48,900.0
883.23,900.0
882.7,900.0
882.61,900.0
882.54,900.0
882.28,900.0
882.47,900.0
882.39,900.0
883.02,900.0
883.2,900.0
882.99,900.0
883.07,900.0
883.16,900.0
883.17,900.0
883.49,900.0
882.67,900.0
882.42,900.0
882.43,900.0
882.19,900.0
882.11,900.0
881.86,900.0
881.78,900.0
881.68,900.0
881.76,900.0
882.03,900.0
882.01,900.0
882.22,900.0
882.14,900.0
881.96,900.0
882.06,900.0
882.15,900.0
882.32,900.0
882.4,900.0
882.64,900.0
882.74,900.0
883.58,900.0
882.23,900.0
881.89,900.0
881.79,900.0
881.54,900.0
881.37,900.0
881.3,900.0
881.05,900.0
881.06,900.0
881.56,900.0
881.73,900.0
881.82,900.0
881.93,900.0
881.67,900.0
880.91,900.0
880.83,900.0
880.74,900.0
880.78,900.0
880.85,900.0
881.02,900.0
881.71,900.0
882.45,900.0
882.07,900.0
881.83,900.0
881.64,900.0
881.39,900.0
881.27,900.0
881.11,900.0
881.19,900.0
881.44,900.0
882.08,900.0
882.38,900.0
883.06,900.0
882.98,900.0
882.82,900.0
882.66,900.0
882.31,900.0
882.34,900.0
882.25,900.0
881.97,900.0
881.8,900.0
882.58,900.0
882.79,900.0
882.84,900.0
881.9,900.0
881.62,900.0
881.45,900.0
881.36,900.0
881.2,900.0
880.94,900.0
880.84,900.0
880.73,900.0
880.63,900.0
880.72,900.0
880.89,900.0
881.23,900.0
881.48,900.0
881.92,900.0
882.1,900.0
882.26,900.0
882.35,900.0
744.53,750.0
744.55,750.0
744.63,750.0
744.7,750.0
744.8,750.0
744.81,750.0
744.82,750.0
744.84,750.0
744.76,750.0
744.77,750.0
744.69,750.0
744.61,750.0
744.6,750.0
744.59,750.0
744.66,750.0
744.68,750.0
744.73,750.0
744.72,750.0
744.65,750.0
744.64,750.0
744.85,750.0
744.93,750.0
744.94,750.0
744.96,750.0
745.03,750.0
745.11,750.0
745.13,750.0
745.14,750.0
745.22,750.0
745.23,750.0
745.3,750.0
745.19,750.0
745.32,750.0
745.15,750.0
744.99,750.0
744.92,750.0
744.52,750.0
744.49,750.0
744.56,750.0
744.57,750.0
744.78,750.0
744.86,750.0
745.05,750.0
744.47,750.0
744.45,750.0
744.37,750.0
744.39,750.0
745.09,750.0
745.18,750.0
745.06,750.0
744.9,750.0
745.21,750.0
745.29,750.0
745.36,750.0
744.89,750.0
744.74,750.0
745.25,750.0
745.34,750.0
745.35,750.0
745.27,750.0
745.17,750.0
745.1,750.0
745.02,750.0
744.97,750.0
906.38,750.0
906.42,750.0
906.43,750.0
906.36,750.0
906.29,750.0
906.26,750.0
906.23,750.0
906.25,750.0
900.52,750.0
900.56,750.0
1055.04,750.0
1054.96,750.0
1054.9,750.0
1054.92,750.0
1054.85,750.0
1054.77,750.0
899.03,750.0
899.0,750.0
744.4,750.0
744.44,750.0
744.43,750.0
744.41,750.0
744.3,750.0
744.28,750.0
744.2,750.0
744.11,750.0
744.03,750.0
743.93,750.0
743.91,750.0
744.0,750.0
744.08,750.0
744.15,750.0
743.97,750.0
743.87,750.0
743.79,750.0
743.71,750.0
743.57,750.0
743.61,750.0
743.69,750.0
743.77,750.0
743.86,750.0
743.95,750.0
744.36,750.0
744.33,750.0
744.16,750.0
744.02,750.0
743.85,750.0
743.52,750.0
743.58,750.0
743.5,750.0
743.49,750.0
743.41,750.0
743.44,750.0
743.42,750.0
743.33,750.0
743.53,750.0
743.62,750.0
743.9,750.0
744.06,750.0
744.12,750.0
744.22,750.0
743.64,750.0
743.34,750.0
743.7,750.0
744.1,750.0
744.19,750.0
745.31,750.0
745.42,750.0
745.4,750.0
745.48,750.0
745.55,750.0
745.63,750.0
745.62,750.0
745.71,750.0
745.79,750.0
745.85,750.0
745.95,750.0
746.04,750.0
745.97,750.0
745.91,750.0
745.89,750.0
745.83,750.0
745.73,750.0
745.64,750.0
745.56,750.0
745.47,750.0
745.5,750.0
745.39,750.0
745.38,750.0
744.48,750.0
744.51,750.0
745.07,750.0
744.98,750.0
744.35,750.0
744.27,750.0
743.83,750.0
743.99,750.0
744.07,750.0
744.23,750.0
744.31,750.0
744.32,750.0
744.24,750.0
744.88,750.0
743.94,750.0
743.78,750.0
743.89,750.0
743.75,750.0
743.6,750.0
743.36,750.0
743.19,750.0
743.03,750.0
742.94,750.0
743.01,750.0
743.09,750.0
743.17,750.0
743.25,750.0
743.67,750.0
743.73,750.0
743.48,750.0
743.56,750.0
745.46,750.0
745.54,750.0
745.69,750.0
745.77,750.0
745.92,750.0
746.0,750.0
745.98,750.0
745.96,750.0
745.87,750.0
745.68,750.0
745.6,750.0
745.43,750.0
745.26,750.0
745.51,750.0
745.52,750.0
745.01,750.0
745.65,750.0
745.75,750.0
745.84,750.0
745.93,750.0
745.59,750.0
745.44,750.0
744.18,750.0
744.26,750.0
744.14,750.0
744.04,750.0
745.58,750.0
617.46,600.0
617.55,600.0
617.63,600.0
617.71,600.0
617.8,600.0
617.88,600.0
617.87,600.0
617.96,600.0
618.04,600.0
618.12,600.0
618.13,600.0
618.1,600.0
618.09,600.0
618.01,600.0
618.02,600.0
618.06,600.0
618.08,600.0
618.0,600.0
617.98,600.0
617.97,600.0
617.94,600.0
617.92,600.0
618.05,600.0
618.16,600.0
618.22,600.0
618.14,600.0
618.2,600.0
618.18,600.0
618.26,600.0
618.27,600.0
618.3,600.0
618.21,600.0
618.17,600.0
618.25,600.0
618.33,600.0
618.24,600.0
618.34,600.0
618.42,600.0
618.46,600.0
618.37,600.0
618.35,600.0
618.29,600.0
618.38,600.0
618.39,600.0
618.47,600.0
618.45,600.0
617.83,600.0
617.84,600.0
617.93,600.0
618.31,600.0
618.43,600.0
618.59,600.0
618.76,600.0
618.84,600.0
618.95,600.0
619.03,600.0
618.93,600.0
618.86,600.0
618.78,600.0
618.7,600.0
618.62,600.0
618.53,600.0
618.51,600.0
618.54,600.0
618.41,600.0
618.5,600.0
618.49,600.0
618.58,600.0
618.64,600.0
618.63,600.0
618.57,600.0
618.72,600.0
618.71,600.0
618.8,600.0
618.88,600.0
618.96,600.0
619.04,600.0
618.9,600.0
618.82,600.0
618.75,600.0
618.67,600.0
618.55,600.0
617.91,600.0
617.81,600.0
617.75,600.0
617.67,600.0
617.76,600.0
617.85,600.0
617.73,600.0
617.79,600.0
617.72,600.0
617.64,600.0
617.4,600.0
617.39,600.0
617.32,600.0
617.31,600.0
617.23,600.0
617.15,600.0
617.06,600.0
616.98,600.0
616.89,600.0
616.8,600.0
616.88,600.0
616.92,600.0
616.99,600.0
616.93,600.0
617.13,600.0
617.22,600.0
617.3,600.0
617.48,600.0
617.38,600.0
617.52,600.0
617.59,600.0
617.65,600.0
617.61,600.0
617.47,600.0
617.54,600.0
617.28,600.0
617.27,600.0
617.26,600.0
617.25,600.0
617.58,600.0
617.77,600.0
618.87,600.0
618.91,600.0
618.92,600.0
618.99,600.0
619.0,600.0
618.79,600.0
618.68,600.0
618.6,600.0
618.66,600.0
618.97,600.0
617.89,600.0
617.5,600.0
617.42,600.0
614.46,600.0
611.5,600.0
611.58,600.0
611.57,600.0
611.65,600.0
611.64,600.0
611.54,600.0
611.62,600.0
611.77,600.0
611.89,600.0
614.76,600.0
617.56,600.0
617.51,600.0
617.43,600.0
617.34,600.0
617.69,600.0
617.68,600.0
617.6,600.0
618.83,600.0
617.21,600.0
617.19,600.0
617.18,600.0
617.17,600.0
617.1,600.0
617.11,600.0
453.17,450.0
453.25,450.0
453.26,450.0
453.18,450.0
453.2,450.0
453.12,450.0
453.21,450.0
453.27,450.0
453.37,450.0
453.45,450.0
453.46,450.0
453.47,450.0
453.39,450.0
453.33,450.0
453.24,450.0
453.16,450.0
453.14,450.0
453.13,450.0
453.22,450.0
453.3,450.0
453.53,450.0
453.6,450.0
453.68,450.0
453.7,450.0
453.62,450.0
453.55,450.0
453.31,450.0
453.54,450.0
453.63,450.0
453.57,450.0
453.66,450.0
453.59,450.0
453.51,450.0
453.35,450.0
453.38,450.0
453.29,450.0
453.34,450.0
453.1,450.0
453.06,450.0
453.05,450.0
452.97,450.0
452.96,450.0
453.04,450.0
453.09,450.0
452.88,450.0
452.89,450.0
452.81,450.0
452.83,450.0
452.77,450.0
452.84,450.0
452.85,450.0
453.02,450.0
453.08,450.0
453.0,450.0
452.91,450.0
452.72,450.0
452.8,450.0
452.73,450.0
452.61,450.0
452.54,450.0
452.55,450.0
452.52,450.0
452.51,450.0
452.71,450.0
452.64,450.0
452.56,450.0
452.65,450.0
452.67,450.0
452.76,450.0
452.68,450.0
452.6,450.0
452.43,450.0
452.42,450.0
452.48,450.0
452.63,450.0
452.69,450.0
452.79,450.0
452.93,450.0
452.94,450.0
452.4,450.0
452.32,450.0
452.75,450.0
452.47,450.0
452.3,450.0
452.31,450.0
452.39,450.0
452.34,450.0
452.35,450.0
452.27,450.0
452.44,450.0
452.58,450.0
452.5,450.0
452.22,450.0
452.15,450.0
452.14,450.0
452.21,450.0
452.28,450.0
452.36,450.0
452.38,450.0
452.23,450.0
452.25,450.0
452.05,450.0
452.13,450.0
452.03,450.0
451.95,450.0
452.06,450.0
451.98,450.0
451.99,450.0
452.07,450.0
452.17,450.0
452.26,450.0
452.18,450.0
452.09,450.0
452.01,450.0
451.84,450.0
451.78,450.0
451.94,450.0
451.93,450.0
451.7,450.0
634.75,450.0
771.13,450.0
771.47,450.0
771.72,450.0
771.98,450.0
772.29,450.0
772.62,450.0
772.94,450.0
773.34,450.0
773.67,450.0
590.96,450.0
458.03,450.0
461.3,450.0
461.29,450.0
464.59,450.0
464.6,450.0
464.68,450.0
461.41,450.0
467.98,450.0
464.71,450.0
467.9,450.0
471.27,450.0
474.63,450.0
471.36,450.0
474.65,450.0
471.37,450.0
471.45,450.0
474.57,450.0
478.02,450.0
481.42,450.0
481.6,450.0
481.52,450.0
478.14,450.0
481.59,450.0
481.75,450.0
485.11,450.0
485.36,450.0
485.26,450.0
485.14,450.0
485.19,450.0
488.64,450.0
488.56,450.0
485.1,450.0
485.02,450.0
481.64,450.0
481.55,450.0
478.2,450.0
474.91,450.0
471.48,450.0
468.11,450.0
464.75,450.0
461.46,450.0
461.47,450.0
458.19,450.0
458.2,450.0
454.83,450.0
454.81,450.0
454.82,450.0
458.01,450.0
461.38,450.0
468.28,450.0
471.64,450.0
475.02,450.0
478.47,450.0
481.96,450.0
485.35,450.0
488.53,450.0
485.15,450.0
481.8,450.0
478.42,450.0
478.34,450.0
474.98,450.0
471.52,450.0
471.31,450.0
471.28,450.0
471.46,450.0
474.84,450.0
474.75,450.0
474.76,450.0
477.97,450.0
481.19,450.0
477.92,450.0
474.55,450.0
471.11,450.0
467.66,450.0
470.95,450.0
470.94,450.0
474.22,450.0
474.14,450.0
474.3,450.0
474.29,450.0
474.2,450.0
474.18,450.0
474.26,450.0
474.32,450.0
474.24,450.0
467.65,450.0
467.56,450.0
464.26,450.0
467.64,450.0
470.86,450.0
474.13,450.0
477.34,450.0
480.81,450.0
484.35,450.0
484.41,450.0
487.86,450.0
487.94,450.0
488.22,450.0
488.39,450.0
488.62,450.0
488.8,450.0
488.95,450.0
489.03,450.0
488.88,450.0
488.89,450.0
488.31,450.0
488.14,450.0
488.2,450.0
488.28,450.0
488.36,450.0
488.27,450.0
488.25,450.0
488.4,450.0
488.57,450.0
488.47,450.0
481.65,450.0
474.62,450.0
471.09,450.0
471.19,450.0
467.58,450.0
464.14,450.0
460.79,450.0
460.77,450.0
464.06,450.0
463.97,450.0
460.68,450.0
467.33,450.0
464.05,450.0
460.6,450.0
463.91,450.0
460.63,450.0
460.53,450.0
463.9,450.0
467.35,450.0
464.03,450.0
467.32,450.0
460.59,450.0
464.07,450.0
467.62,450.0
467.7,450.0
467.78,450.0
467.79,450.0
464.43,450.0
467.87,450.0
471.24,450.0
474.7,450.0
474.74,450.0
474.72,450.0
474.88,450.0
481.79,450.0
485.23,450.0
485.07,450.0
488.44,450.0
488.32,450.0
488.16,450.0
487.99,450.0
487.91,450.0
487.66,450.0
487.58,450.0
484.14,450.0
480.85,450.0
477.48,450.0
477.56,450.0
477.43,450.0
477.35,450.0
473.99,450.0
473.91,450.0
470.62,450.0
473.97,450.0
470.76,450.0
467.48,450.0
470.92,450.0
471.02,450.0
470.96,450.0
474.33,450.0
477.63,450.0
481.09,450.0
481.1,450.0
484.39,450.0
487.92,450.0
488.0,450.0
488.15,450.0
484.88,450.0
477.96,450.0
474.67,450.0
474.46,450.0
474.38,450.0
474.04,450.0
481.02,450.0
484.31,450.0
487.54,450.0
487.5,450.0
484.2,450.0
480.93,450.0
480.92,450.0
477.71,450.0
470.74,450.0
467.45,450.0
464.22,450.0
464.23,450.0
467.68,450.0
464.31,450.0
467.6,450.0
467.57,450.0
464.3,450.0
460.76,450.0
457.49,450.0
461.14,450.0
457.7,450.0
461.08,450.0
464.52,450.0
467.97,450.0
471.13,450.0
474.58,450.0
477.95,450.0
474.51,450.0
474.43,450.0
474.45,450.0
471.08,450.0
463.95,450.0
460.43,450.0
460.35,450.0
456.96,450.0
453.41,450.0
456.79,450.0
456.68,450.0
456.67,450.0
456.75,450.0
456.8,450.0
456.87,450.0
456.93,450.0
457.0,450.0
457.08,450.0
457.16,450.0
453.76,450.0
453.84,450.0
457.42,450.0
460.88,450.0
460.94,450.0
460.93,450.0
460.92,450.0
460.9,450.0
464.46,450.0
467.93,450.0
474.66,450.0
478.22,450.0
481.87,450.0
485.42,450.0
489.06,450.0
489.14,450.0
489.21,450.0
489.38,450.0
489.56,450.0
489.64,450.0
489.89,450.0
489.97,450.0
490.05,450.0
490.21,450.0
490.29,450.0
490.45,450.0
490.53,450.0
490.5,450.0
490.58,450.0
490.66,450.0
490.41,450.0
490.33,450.0
490.23,450.0
490.22,450.0
490.13,450.0
490.04,450.0
489.77,450.0
489.59,450.0
489.15,450.0
488.97,450.0
488.86,450.0
488.69,450.0
488.68,450.0
488.74,450.0
488.9,450.0
489.47,450.0
489.55,450.0
489.39,450.0
489.22,450.0
489.17,450.0
489.01,450.0
488.93,450.0
488.85,450.0
488.52,450.0
488.35,450.0
488.33,450.0
488.48,450.0
488.66,450.0
488.49,450.0
488.58,450.0
488.6,450.0
488.43,450.0
488.18,450.0
488.77,450.0
488.78,450.0
489.05,450.0
488.98,450.0
489.07,450.0
488.73,450.0
488.65,450.0
488.23,450.0
484.94,450.0
484.77,450.0
484.68,450.0
481.39,450.0
478.01,450.0
475.05,450.0
475.13,450.0
475.21,450.0
478.33,450.0
475.03,450.0
474.95,450.0
478.0,450.0
471.17,450.0
467.89,450.0
468.14,450.0
471.6,450.0
471.75,450.0
471.98,450.0
475.2,450.0
478.49,450.0
481.77,450.0
485.17,450.0
488.45,450.0
485.22,450.0
485.06,450.0
484.98,450.0
481.63,450.0
481.62,450.0
481.54,450.0
481.23,450.0
477.84,450.0
474.41,450.0
471.03,450.0
467.82,450.0
464.53,450.0
461.33,450.0
467.81,450.0
464.61,450.0
461.25,450.0
461.23,450.0
457.93,450.0
454.66,450.0
454.67,450.0
454.69,450.0
454.62,450.0
454.63,450.0
457.84,450.0
457.86,450.0
457.95,450.0
458.12,450.0
461.27,450.0
464.63,450.0
468.07,450.0
468.24,450.0
471.44,450.0
478.05,450.0
481.01,450.0
484.28,450.0
484.37,450.0
484.51,450.0
477.88,450.0
471.5,450.0
468.23,450.0
461.76,450.0
461.51,450.0
461.42,450.0
461.45,450.0
464.72,450.0
471.2,450.0
471.15,450.0
468.16,450.0
468.06,450.0
467.91,450.0
464.64,450.0
461.54,450.0
464.89,450.0
468.15,450.0
471.58,450.0
468.47,450.0
465.26,450.0
465.25,450.0
465.18,450.0
465.1,450.0
465.01,450.0
465.17,450.0
465.41,450.0
468.76,450.0
468.68,450.0
471.87,450.0
474.99,450.0
478.35,450.0
481.69,450.0
484.95,450.0
487.98,450.0
487.67,450.0
487.59,450.0
487.69,450.0
484.33,450.0
484.43,450.0
484.66,450.0
484.59,450.0
484.74,450.0
481.81,450.0
481.73,450.0
481.91,450.0
485.48,450.0
485.65,450.0
485.8,450.0
486.22,450.0
486.14,450.0
486.06,450.0
489.54,450.0
489.46,450.0
485.87,450.0
481.98,450.0
473.44,450.0
469.89,450.0
466.14,450.0
465.88,450.0
462.46,450.0
459.0,450.0
455.85,450.0
459.68,450.0
463.57,450.0
472.12,450.0
475.7,450.0
479.53,450.0
479.79,450.0
483.21,450.0
486.79,450.0
490.55,450.0
490.35,450.0
490.12,450.0
491.96,450.0
491.83,450.0
491.49,450.0
491.33,450.0
491.24,450.0
491.08,450.0
490.83,450.0
490.34,450.0
490.54,450.0
490.7,450.0
485.61,450.0
485.56,450.0
485.4,450.0
485.39,450.0
485.32,450.0
488.24,450.0
488.03,450.0
487.95,450.0
488.11,450.0
488.37,450.0
488.76,450.0
485.09,450.0
484.99,450.0
481.32,450.0
481.4,450.0
481.34,450.0
481.51,450.0
481.76,450.0
485.18,450.0
485.27,450.0
485.21,450.0
485.13,450.0
484.89,450.0
484.73,450.0
484.65,450.0
484.57,450.0
480.94,450.0
484.45,450.0
484.69,450.0
484.85,450.0
484.93,450.0
484.76,450.0
484.78,450.0
488.07,450.0
487.89,450.0
487.71,450.0
487.63,450.0
487.62,450.0
488.06,450.0
487.96,450.0
487.9,450.0
487.75,450.0
487.32,450.0
487.44,450.0
484.15,450.0
484.06,450.0
483.96,450.0
483.87,450.0
484.04,450.0
484.23,450.0
484.18,450.0
484.27,450.0
484.36,450.0
481.18,450.0
481.27,450.0
481.26,450.0
477.89,450.0
471.33,450.0
461.31,450.0
461.22,450.0
461.21,450.0
454.71,450.0
454.73,450.0
454.74,450.0
454.75,450.0
454.78,450.0
454.77,450.0
457.97,450.0
470.99,450.0
474.28,450.0
477.46,450.0
477.55,450.0
477.54,450.0
477.58,450.0
474.21,450.0
477.67,450.0
481.13,450.0
484.4,450.0
484.82,450.0
484.92,450.0
485.05,450.0
481.84,450.0
481.92,450.0
481.67,450.0
481.95,450.0
488.19,450.0
484.53,450.0
481.17,450.0
477.8,450.0
470.87,450.0
474.08,450.0
470.88,450.0
471.04,450.0
477.62,450.0
480.97,450.0
477.79,450.0
481.25,450.0
471.39,450.0
468.02,450.0
458.09,450.0
461.39,450.0
464.76,450.0
481.11,450.0
484.72,450.0
485.03,450.0
488.61,450.0
488.91,450.0
489.4,450.0
489.5,450.0
489.51,450.0
489.65,450.0
489.57,450.0
489.42,450.0
489.24,450.0
488.82,450.0
488.99,450.0
489.09,450.0
489.48,450.0
489.61,450.0
489.69,450.0
489.71,450.0
489.68,450.0
489.76,450.0
489.52,450.0
489.35,450.0
489.1,450.0
488.94,450.0
488.1,450.0
484.44,450.0
484.6,450.0
464.65,450.0
461.35,450.0
458.0,450.0
464.4,450.0
487.79,450.0
487.73,450.0
484.47,450.0
481.03,450.0
477.59,450.0
470.79,450.0
463.98,450.0
463.73,450.0
463.65,450.0
463.74,450.0
463.72,450.0
460.55,450.0
457.34,450.0
453.99,450.0
453.97,450.0
454.0,450.0
453.96,450.0
457.31,450.0
457.33,450.0
457.35,450.0
457.41,450.0
457.43,450.0
460.73,450.0
457.38,450.0
467.52,450.0
470.9,450.0
474.34,450.0
480.98,450.0
487.7,450.0
480.99,450.0
477.33,450.0
473.89,450.0
473.72,450.0
474.05,450.0
477.83,450.0
481.35,450.0
488.55,450.0
488.81,450.0
489.18,450.0
489.02,450.0
489.32,450.0
489.31,450.0
489.23,450.0
485.71,450.0
485.52,450.0
481.56,450.0
481.14,450.0
480.89,450.0
480.73,450.0
480.48,450.0
476.96,450.0
473.42,450.0
476.77,450.0
476.78,450.0
480.24,450.0
480.33,450.0
480.76,450.0
480.84,450.0
481.07,450.0
477.66,450.0
470.75,450.0
470.45,450.0
466.92,450.0
463.4,450.0
463.08,450.0
463.16,450.0
466.51,450.0
469.88,450.0
473.22,450.0
476.41,450.0
473.02,450.0
476.2,450.0
476.36,450.0
476.37,450.0
476.47,450.0
473.11,450.0
469.92,450.0
466.74,450.0
463.47,450.0
460.1,450.0
456.65,450.0
456.48,450.0
459.77,450.0
463.04,450.0
463.06,450.0
463.07,450.0
459.87,450.0
456.6,450.0
456.51,450.0
463.21,450.0
466.77,450.0
466.75,450.0
463.54,450.0
460.18,450.0
456.73,450.0
453.01,450.0
452.87,450.0
456.61,450.0
459.89,450.0
463.24,450.0
466.5,450.0
466.49,450.0
469.85,450.0
473.31,450.0
473.48,450.0
477.0,450.0
473.64,450.0
470.36,450.0
470.37,450.0
467.0,450.0
460.02,450.0
456.72,450.0
456.63,450.0
460.09,450.0
470.46,450.0
473.83,450.0
477.19,450.0
480.56,450.0
483.94,450.0
483.78,450.0
483.69,450.0
483.61,450.0
483.67,450.0
483.52,450.0
480.07,450.0
480.15,450.0
480.14,450.0
476.69,450.0
473.34,450.0
473.23,450.0
473.39,450.0
476.93,450.0
473.4,450.0
470.04,450.0
469.96,450.0
470.05,450.0
469.97,450.0
466.54,450.0
463.17,450.0
459.82,450.0
456.46,450.0
456.56,450.0
463.62,450.0
467.2,450.0
470.66,450.0
470.58,450.0
470.5,450.0
470.43,450.0
466.87,450.0
463.35,450.0
459.76,450.0
456.19,450.0
452.59,450.0
456.64,450.0
456.54,450.0
456.52,450.0
456.4,450.0
456.31,450.0
456.23,450.0
459.6,450.0
459.66,450.0
456.14,450.0
456.05,450.0
455.97,450.0
455.98,450.0
455.99,450.0
459.56,450.0
459.65,450.0
459.64,450.0
456.11,450.0
456.1,450.0
456.09,450.0
455.95,450.0
459.97,450.0
459.95,450.0
463.48,450.0
466.94,450.0
470.47,450.0
474.01,450.0
474.0,450.0
467.29,450.0
463.77,450.0
460.23,450.0
456.77,450.0
459.91,450.0
459.9,450.0
463.27,450.0
463.25,450.0
463.23,450.0
459.81,450.0
456.42,450.0
459.94,450.0
463.39,450.0
463.37,450.0
470.03,450.0
473.5,450.0
473.51,450.0
476.89,450.0
476.9,450.0
476.92,450.0
473.56,450.0
470.28,450.0
466.91,450.0
466.84,450.0
463.49,450.0
456.5,450.0
456.57,450.0
456.59,450.0
456.55,450.0
460.03,450.0
456.71,450.0
460.2,450.0
460.22,450.0
460.24,450.0
453.42,450.0
453.49,450.0
453.72,450.0
457.17,450.0
467.53,450.0
471.07,450.0
474.61,450.0
477.99,450.0
481.46,450.0
474.37,450.0
474.36,450.0
477.76,450.0
477.47,450.0
477.51,450.0
481.06,450.0
481.21,450.0
481.3,450.0
474.39,450.0
470.63,450.0
467.27,450.0
470.55,450.0
467.16,450.0
467.08,450.0
463.81,450.0
474.1,450.0
481.58,450.0
488.72,450.0
488.51,450.0
484.97,450.0
474.78,450.0
471.32,450.0
468.03,450.0
468.1,450.0
464.8,450.0
464.81,450.0
458.22,450.0
458.24,450.0
458.15,450.0
461.34,450.0
461.26,450.0
461.18,450.0
464.36,450.0
464.28,450.0
467.39,450.0
473.93,450.0
477.21,450.0
480.72,450.0
480.88,450.0
484.32,450.0
487.74,450.0
487.52,450.0
487.26,450.0
483.83,450.0
480.39,450.0
477.05,450.0
473.71,450.0
467.15,450.0
463.86,450.0
463.85,450.0
463.93,450.0
476.72,450.0
479.99,450.0
480.0,450.0
483.28,450.0
480.08,450.0
479.91,450.0
479.83,450.0
479.85,450.0
480.02,450.0
480.11,450.0
480.36,450.0
480.28,450.0
483.48,450.0
486.91,450.0
487.17,450.0
487.33,450.0
487.25,450.0
487.24,450.0
487.4,450.0
487.46,450.0
487.48,450.0
487.78,450.0
488.29,450.0
487.53,450.0
487.45,450.0
487.56,450.0
487.81,450.0
488.41,450.0
488.04,450.0
477.87,450.0
477.85,450.0
477.77,450.0
477.68,450.0
484.56,450.0
484.81,450.0
488.08,450.0
487.85,450.0
487.61,450.0
487.77,450.0
480.9,450.0
477.03,450.0
473.62,450.0
470.08,450.0
469.99,450.0
466.55,450.0
463.14,450.0
459.85,450.0
463.2,450.0
466.63,450.0
466.96,450.0
477.26,450.0
477.27,450.0
480.63,450.0
473.75,450.0
470.24,450.0
470.07,450.0
476.76,450.0
483.56,450.0
487.09,450.0
483.74,450.0
473.67,450.0
470.4,450.0
466.98,450.0
456.81,450.0
456.84,450.0
460.28,450.0
460.27,450.0
463.66,450.0
463.31,450.0
463.29,450.0
466.82,450.0
470.09,450.0
473.38,450.0
473.63,450.0
480.45,450.0
483.98,450.0
484.16,450.0
484.29,450.0
484.48,450.0
473.81,450.0
473.7,450.0
477.14,450.0
480.6,450.0
480.77,450.0
480.68,450.0
484.62,450.0
477.4,450.0
477.25,450.0
477.42,450.0
473.95,450.0
470.49,450.0
470.61,450.0
474.17,450.0
470.73,450.0
467.1,450.0
459.98,450.0
456.26,450.0
456.06,450.0
456.07,450.0
452.92,450.0
453.86,450.0
453.91,450.0
464.35,450.0
474.86,450.0
478.32,450.0
481.93,450.0
485.31,450.0
481.48,450.0
478.04,450.0
471.23,450.0
467.77,450.0
464.13,450.0
467.49,450.0
470.84,450.0
470.71,450.0
460.86,450.0
460.85,450.0
457.55,450.0
454.25,450.0
454.24,450.0
457.68,450.0
457.78,450.0
468.27,450.0
475.17,450.0
478.63,450.0
482.08,450.0
482.06,450.0
303.35,300.0
303.34,300.0
303.42,300.0
303.4,300.0
303.48,300.0
303.44,300.0
303.43,300.0
303.36,300.0
303.28,300.0
303.27,300.0
303.2,300.0
303.22,300.0
303.32,300.0
303.24,300.0
303.23,300.0
303.18,300.0
303.26,300.0
303.19,300.0
303.1,300.0
303.11,300.0
303.12,300.0
303.14,300.0
303.45,300.0
303.52,300.0
303.6,300.0
303.61,300.0
303.63,300.0
303.71,300.0
303.78,300.0
303.86,300.0
303.94,300.0
303.93,300.0
303.92,300.0
303.96,300.0
303.9,300.0
303.89,300.0
303.8,300.0
303.75,300.0
303.73,300.0
303.72,300.0
303.64,300.0
303.76,300.0
303.77,300.0
303.88,300.0
303.85,300.0
303.84,300.0
303.81,300.0
303.82,300.0
303.67,300.0
303.57,300.0
303.59,300.0
303.53,300.0
303.47,300.0
303.39,300.0
303.3,300.0
303.31,300.0
303.06,300.0
303.16,300.0
303.05,300.0
303.03,300.0
303.38,300.0
303.69,300.0
303.68,300.0
303.56,300.0
303.51,300.0
303.55,300.0
303.15,300.0
303.07,300.0
303.09,300.0
303.49,300.0
303.65,300.0
304.0,300.0
303.98,300.0
303.97,300.0
304.01,300.0
304.02,300.0
304.04,300.0
304.08,300.0
304.06,300.0
304.05,300.0
311.73,300.0
312.91,300.0
311.78,300.0
310.66,300.0
309.54,300.0
308.42,300.0
307.22,300.0
306.0,300.0
304.97,300.0
304.99,300.0
166.08,150.0
165.99,150.0
166.06,150.0
165.95,150.0
165.96,150.0
166.04,150.0
165.94,150.0
165.92,150.0
165.91,150.0
165.9,150.0
165.98,150.0
166.0,150.0
166.02,150.0
166.07,150.0
165.86,150.0
165.87,150.0
165.79,150.0
165.81,150.0
165.88,150.0
165.78,150.0
165.69,150.0
165.63,150.0
165.54,150.0
165.46,150.0
165.45,150.0
165.44,150.0
165.36,150.0
165.33,150.0
165.28,150.0
165.32,150.0
165.34,150.0
165.3,150.0
165.41,150.0
165.49,150.0
165.48,150.0
165.53,150.0
165.57,150.0
165.55,150.0
165.59,150.0
165.38,150.0
165.42,150.0
165.37,150.0
165.25,150.0
165.29,150.0
165.26,150.0
165.4,150.0
165.24,150.0
165.22,150.0
165.21,150.0
165.2,150.0
165.5,150.0
165.51,150.0
165.18,150.0
165.17,150.0
165.15,150.0
165.16,150.0
165.12,150.0
165.08,150.0
165.09,150.0
165.11,150.0
165.13,150.0
165.07,150.0
165.05,150.0
165.0,150.0
165.03,150.0
165.04,150.0
164.95,150.0
164.92,150.0
164.84,150.0
164.93,150.0
164.96,150.0
164.99,150.0
165.01,150.0
164.91,150.0
164.83,150.0
164.75,150.0
164.67,150.0
164.59,150.0
164.6,150.0
164.51,150.0
164.7,150.0
164.78,150.0
164.87,150.0
164.88,150.0
164.89,150.0
164.82,150.0
164.97,150.0
164.85,150.0
164.76,150.0
164.71,150.0
164.58,150.0
164.74,150.0
164.79,150.0
164.72,150.0
164.8,150.0
164.68,150.0
164.64,150.0
164.56,150.0
164.66,150.0
